"","home_team","away_team","posteam","posteam_type","defteam","yardline_100","quarter_seconds_remaining","half_seconds_remaining","game_seconds_remaining","game_half","qtr","down","ydstogo","play_type","yards_gained","pass_length","posteam_timeouts_remaining","defteam_timeouts_remaining","score_differential_post","rush_attempt","pass_attempt"
"1","NO","ARI","NO","home","ARI",72,876,1776,3576,"Half1",1,1,10,"run",1,NA,3,3,-7,1,0
"2","NO","ARI","NO","home","ARI",71,843,1743,3543,"Half1",1,2,9,"pass",7,"short",3,3,-7,0,1
"3","NO","ARI","NO","home","ARI",64,801,1701,3501,"Half1",1,3,2,"pass",6,"short",3,3,-7,0,1
"4","NO","ARI","NO","home","ARI",53,753,1653,3453,"Half1",1,1,5,"run",7,NA,3,3,-7,1,0
"5","NO","ARI","NO","home","ARI",46,725,1625,3425,"Half1",1,1,10,"pass",0,"short",3,3,-7,0,1
"6","NO","ARI","NO","home","ARI",46,720,1620,3420,"Half1",1,2,10,"pass",17,"short",3,3,-7,0,1
"7","NO","ARI","NO","home","ARI",29,677,1577,3377,"Half1",1,1,10,"run",11,NA,3,3,-7,1,0
"8","NO","ARI","NO","home","ARI",18,635,1535,3335,"Half1",1,1,10,"pass",13,"short",3,3,-7,0,1
"9","NO","ARI","NO","home","ARI",5,606,1506,3306,"Half1",1,1,5,"run",4,NA,3,3,-7,1,0
"10","NO","ARI","NO","home","ARI",1,562,1462,3262,"Half1",1,2,1,"run",1,NA,3,3,-1,1,0
"11","NO","ARI","NO","home","ARI",37,540,1440,3240,"Half1",1,1,10,"run",8,NA,3,3,0,1,0
"12","NO","ARI","NO","home","ARI",29,515,1415,3215,"Half1",1,2,2,"run",0,NA,3,3,0,1,0
"13","NO","ARI","NO","home","ARI",29,474,1374,3174,"Half1",1,3,2,"pass",12,"short",3,3,0,0,1
"14","NO","ARI","NO","home","ARI",17,430,1330,3130,"Half1",1,1,10,"pass",17,"deep",3,3,6,0,1
"15","NO","ARI","NO","home","ARI",77,325,1225,3025,"Half1",1,1,10,"run",9,NA,3,2,7,1,0
"16","NO","ARI","NO","home","ARI",68,286,1186,2986,"Half1",1,2,1,"run",4,NA,3,2,7,1,0
"17","NO","ARI","NO","home","ARI",64,245,1145,2945,"Half1",1,1,10,"pass",2,"short",3,2,7,0,1
"18","NO","ARI","NO","home","ARI",62,197,1097,2897,"Half1",1,2,8,"pass",16,"short",3,2,7,0,1
"19","NO","ARI","NO","home","ARI",46,163,1063,2863,"Half1",1,1,10,"run",46,NA,3,2,13,1,0
"20","NO","ARI","NO","home","ARI",69,24,924,2724,"Half1",1,1,10,"pass",0,"short",3,2,14,0,1
"21","NO","ARI","NO","home","ARI",69,18,918,2718,"Half1",1,2,10,"pass",3,"short",3,2,14,0,1
"22","NO","ARI","NO","home","ARI",66,900,900,2700,"Half1",2,3,7,"pass",0,"deep",3,2,14,0,1
"23","NO","ARI","NO","home","ARI",83,575,575,2375,"Half1",2,1,10,"run",5,NA,3,2,7,1,0
"24","NO","ARI","NO","home","ARI",78,551,551,2351,"Half1",2,2,5,"pass",0,"deep",3,2,7,0,1
"25","NO","ARI","NO","home","ARI",78,543,543,2343,"Half1",2,3,5,"run",6,NA,3,2,7,1,0
"26","NO","ARI","NO","home","ARI",72,499,499,2299,"Half1",2,1,10,"run",2,NA,3,2,7,1,0
"27","NO","ARI","NO","home","ARI",70,460,460,2260,"Half1",2,2,8,"pass",26,"deep",3,2,7,0,1
"28","NO","ARI","NO","home","ARI",44,417,417,2217,"Half1",2,1,10,"pass",44,"deep",3,2,13,0,1
"29","NO","ARI","NO","home","ARI",27,348,348,2148,"Half1",2,1,10,"pass",0,"deep",3,2,14,0,1
"30","NO","ARI","NO","home","ARI",27,342,342,2142,"Half1",2,2,10,"pass",7,"short",3,2,14,0,1
"31","NO","ARI","NO","home","ARI",20,302,302,2102,"Half1",2,3,3,"pass",5,"short",3,2,14,0,1
"32","NO","ARI","NO","home","ARI",15,255,255,2055,"Half1",2,1,10,"run",5,NA,3,2,14,1,0
"33","NO","ARI","NO","home","ARI",10,214,214,2014,"Half1",2,2,5,"run",4,NA,3,2,14,1,0
"34","NO","ARI","NO","home","ARI",6,183,183,1983,"Half1",2,3,1,"run",2,NA,3,2,14,1,0
"35","NO","ARI","NO","home","ARI",17,120,120,1920,"Half1",2,1,17,"pass",15,"short",3,2,14,0,1
"36","NO","ARI","NO","home","ARI",2,75,75,1875,"Half1",2,2,2,"pass",2,"short",3,2,20,0,1
"37","NO","ARI","NO","home","ARI",60,900,1800,1800,"Half2",3,1,10,"pass",15,"short",3,3,21,0,1
"38","NO","ARI","NO","home","ARI",45,862,1762,1762,"Half2",3,1,10,"run",3,NA,3,3,21,1,0
"39","NO","ARI","NO","home","ARI",42,825,1725,1725,"Half2",3,2,7,"pass",4,"short",3,3,21,0,1
"40","NO","ARI","NO","home","ARI",38,786,1686,1686,"Half2",3,3,3,"pass",0,"short",3,3,21,0,1
"41","NO","ARI","NO","home","ARI",64,636,1536,1536,"Half2",3,1,10,"run",14,NA,3,3,21,1,0
"42","NO","ARI","NO","home","ARI",50,600,1500,1500,"Half2",3,1,10,"pass",11,"short",3,3,21,0,1
"43","NO","ARI","NO","home","ARI",24,566,1466,1466,"Half2",3,1,10,"pass",0,"deep",3,3,21,0,1
"44","NO","ARI","NO","home","ARI",24,560,1460,1460,"Half2",3,2,10,"pass",-1,"short",3,3,21,0,1
"45","NO","ARI","NO","home","ARI",25,516,1416,1416,"Half2",3,3,11,"pass",0,"deep",3,3,21,0,1
"46","NO","ARI","NO","home","ARI",90,166,1066,1066,"Half2",3,1,10,"run",3,NA,3,3,30,1,0
"47","NO","ARI","NO","home","ARI",87,126,1026,1026,"Half2",3,2,7,"pass",7,"short",3,3,30,0,1
"48","NO","ARI","NO","home","ARI",80,87,987,987,"Half2",3,1,10,"run",5,NA,3,3,30,1,0
"49","NO","ARI","NO","home","ARI",75,42,942,942,"Half2",3,2,5,"pass",5,"short",3,3,30,0,1
"50","NO","ARI","NO","home","ARI",70,900,900,900,"Half2",4,1,10,"run",3,NA,3,3,30,1,0
"51","NO","ARI","NO","home","ARI",67,863,863,863,"Half2",4,2,7,"pass",0,"short",3,3,30,0,1
"52","NO","ARI","NO","home","ARI",67,855,855,855,"Half2",4,3,7,"pass",8,"short",2,3,30,0,1
"53","NO","ARI","NO","home","ARI",59,808,808,808,"Half2",4,1,10,"run",3,NA,2,3,30,1,0
"54","NO","ARI","NO","home","ARI",56,764,764,764,"Half2",4,2,7,"run",6,NA,2,3,30,1,0
"55","NO","ARI","NO","home","ARI",50,718,718,718,"Half2",4,3,1,"run",5,NA,2,3,30,1,0
"56","NO","ARI","NO","home","ARI",45,675,675,675,"Half2",4,1,10,"run",11,NA,2,3,30,1,0
"57","NO","ARI","NO","home","ARI",34,630,630,630,"Half2",4,1,10,"run",0,NA,2,3,30,1,0
"58","NO","ARI","NO","home","ARI",34,585,585,585,"Half2",4,2,10,"run",3,NA,2,3,30,1,0
"59","NO","ARI","NO","home","ARI",31,539,539,539,"Half2",4,3,7,"pass",6,"short",1,3,30,0,1
"60","NO","ARI","NO","home","ARI",25,513,513,513,"Half2",4,4,1,"run",0,NA,1,3,30,1,0
"61","NO","ARI","NO","home","ARI",73,451,451,451,"Half2",4,1,10,"run",-1,NA,1,3,30,1,0
"62","NO","ARI","NO","home","ARI",74,408,408,408,"Half2",4,2,11,"run",1,NA,1,3,30,1,0
"63","NO","ARI","NO","home","ARI",73,360,360,360,"Half2",4,3,10,"run",3,NA,1,3,30,1,0
"64","NO","MIN","NO","home","MIN",76,568,1468,3268,"Half1",1,1,10,"pass",5,"short",3,3,-7,0,1
"65","NO","MIN","NO","home","MIN",71,542,1442,3242,"Half1",1,2,5,"pass",0,"deep",3,3,-7,0,1
"66","NO","MIN","NO","home","MIN",71,535,1435,3235,"Half1",1,3,5,"pass",7,"short",3,3,-7,0,1
"67","NO","MIN","NO","home","MIN",64,499,1399,3199,"Half1",1,1,10,"pass",13,"short",3,3,-7,0,1
"68","NO","MIN","NO","home","MIN",51,459,1359,3159,"Half1",1,1,10,"run",8,NA,3,3,-7,1,0
"69","NO","MIN","NO","home","MIN",38,407,1307,3107,"Half1",1,1,10,"pass",0,"deep",3,3,-7,0,1
"70","NO","MIN","NO","home","MIN",38,402,1302,3102,"Half1",1,2,10,"pass",38,"short",3,3,-1,0,1
"71","NO","MIN","NO","home","MIN",73,125,1025,2825,"Half1",1,1,10,"run",-1,NA,3,3,-7,1,0
"72","NO","MIN","NO","home","MIN",74,102,1002,2802,"Half1",1,2,11,"run",1,NA,3,3,-7,1,0
"73","NO","MIN","NO","home","MIN",73,50,950,2750,"Half1",1,3,10,"pass",9,"short",3,3,-7,0,1
"74","NO","MIN","NO","home","MIN",64,801,801,2601,"Half1",2,1,10,"pass",0,"deep",3,3,-7,0,1
"75","NO","MIN","NO","home","MIN",64,796,796,2596,"Half1",2,2,10,"pass",0,"short",3,3,-7,0,1
"76","NO","MIN","NO","home","MIN",64,791,791,2591,"Half1",2,3,10,"pass",28,"deep",3,3,-7,0,1
"77","NO","MIN","NO","home","MIN",36,750,750,2550,"Half1",2,1,10,"run",4,NA,3,3,-7,1,0
"78","NO","MIN","NO","home","MIN",32,709,709,2509,"Half1",2,2,6,"pass",11,"short",3,3,-7,0,1
"79","NO","MIN","NO","home","MIN",21,666,666,2466,"Half1",2,1,10,"run",12,NA,3,3,-7,1,0
"80","NO","MIN","NO","home","MIN",9,637,637,2437,"Half1",2,1,9,"pass",9,"short",3,3,-1,0,1
"81","NO","MIN","NO","home","MIN",82,372,372,2172,"Half1",2,1,10,"pass",0,"short",3,2,0,0,1
"82","NO","MIN","NO","home","MIN",77,369,369,2169,"Half1",2,2,5,"pass",4,"short",3,2,0,0,1
"83","NO","MIN","NO","home","MIN",73,327,327,2127,"Half1",2,3,1,"run",-1,NA,3,2,0,1,0
"84","NO","MIN","NO","home","MIN",67,222,222,2022,"Half1",2,1,10,"pass",0,"short",3,2,0,0,1
"85","NO","MIN","NO","home","MIN",67,216,216,2016,"Half1",2,2,10,"pass",9,"short",3,2,0,0,1
"86","NO","MIN","NO","home","MIN",58,177,177,1977,"Half1",2,3,1,"run",0,NA,3,2,0,1,0
"87","NO","MIN","NO","home","MIN",90,56,56,1856,"Half1",2,1,10,"run",4,NA,1,2,0,1,0
"88","NO","MIN","NO","home","MIN",86,23,23,1823,"Half1",2,2,6,"run",1,NA,1,2,0,1,0
"89","NO","MIN","NO","home","MIN",37,889,1789,1789,"Half2",3,1,10,"pass",17,"short",3,3,0,0,1
"90","NO","MIN","NO","home","MIN",20,850,1750,1750,"Half2",3,1,10,"run",6,NA,3,3,0,1,0
"91","NO","MIN","NO","home","MIN",14,821,1721,1721,"Half2",3,2,4,"run",5,NA,3,3,0,1,0
"92","NO","MIN","NO","home","MIN",9,785,1685,1685,"Half2",3,1,9,"run",9,NA,3,3,6,1,0
"93","NO","MIN","NO","home","MIN",65,447,1347,1347,"Half2",3,1,10,"pass",0,"short",3,3,0,0,1
"94","NO","MIN","NO","home","MIN",65,442,1342,1342,"Half2",3,2,10,"run",6,NA,3,3,0,1,0
"95","NO","MIN","NO","home","MIN",59,405,1305,1305,"Half2",3,3,4,"pass",0,"short",3,3,0,0,1
"96","NO","MIN","NO","home","MIN",69,119,1019,1019,"Half2",3,1,10,"run",4,NA,3,3,0,1,0
"97","NO","MIN","NO","home","MIN",65,81,981,981,"Half2",3,2,6,"run",3,NA,3,3,0,1,0
"98","NO","MIN","NO","home","MIN",67,12,912,912,"Half2",3,3,8,"pass",0,"deep",3,3,0,0,1
"99","NO","MIN","NO","home","MIN",7,850,850,850,"Half2",4,1,7,"run",4,NA,3,3,0,1,0
"100","NO","MIN","NO","home","MIN",3,812,812,812,"Half2",4,2,3,"run",-2,NA,3,3,0,1,0
"101","NO","MIN","NO","home","MIN",5,768,768,768,"Half2",4,3,5,"pass",5,"short",3,3,6,0,1
"102","NO","MIN","NO","home","MIN",95,577,577,577,"Half2",4,1,10,"run",4,NA,3,3,7,1,0
"103","NO","MIN","NO","home","MIN",91,534,534,534,"Half2",4,2,6,"pass",5,"short",3,3,7,0,1
"104","NO","MIN","NO","home","MIN",86,506,506,506,"Half2",4,3,1,"run",0,NA,2,3,7,1,0
"105","NO","MIN","NO","home","MIN",81,292,292,292,"Half2",4,1,10,"pass",-8,NA,2,3,0,0,1
"106","NO","MIN","NO","home","MIN",89,250,250,250,"Half2",4,2,18,"pass",0,"short",2,3,0,0,1
"107","NO","MIN","NO","home","MIN",89,202,202,202,"Half2",4,3,18,"pass",16,"short",2,3,0,0,1
"108","NO","MIN","NO","home","MIN",52,7,7,7,"Half2",4,1,10,"pass",0,"short",0,1,0,0,1
"109","NO","MIN","NO","home","MIN",52,1,1,1,"Half2",4,2,10,"pass",0,"short",0,1,0,0,1
"110","NO","MIN","NO","home","MIN",61,892,892,892,"Overtime",5,1,10,"run",3,NA,2,2,0,1,0
"111","NO","MIN","NO","home","MIN",58,853,853,853,"Overtime",5,2,7,"run",1,NA,2,2,0,1,0
"112","NO","MIN","NO","home","MIN",52,806,806,806,"Overtime",5,1,10,"pass",0,"short",2,2,0,0,1
"113","NO","MIN","NO","home","MIN",52,801,801,801,"Overtime",5,2,10,"pass",0,"deep",2,2,0,0,1
"114","NO","MIN","NO","home","MIN",52,792,792,792,"Overtime",5,3,10,"pass",9,"short",2,2,0,0,1
"115","NO","MIN","NO","home","MIN",43,760,760,760,"Overtime",5,4,1,"run",2,NA,2,2,0,1,0
"116","NO","MIN","NO","home","MIN",29,705,705,705,"Overtime",5,1,10,"run",-5,NA,2,2,0,1,0
"117","NO","MIN","NO","home","MIN",34,660,660,660,"Overtime",5,2,15,"pass",12,"short",2,2,0,0,1
"118","NO","MIN","NO","home","MIN",22,624,624,624,"Overtime",5,3,3,"pass",0,"short",2,1,0,0,1
"119","IND","NO","NO","away","IND",77,895,1795,3595,"Half1",1,1,10,"run",2,NA,3,3,0,1,0
"120","IND","NO","NO","away","IND",75,862,1762,3562,"Half1",1,2,8,"pass",6,"short",3,3,0,0,1
"121","IND","NO","NO","away","IND",69,817,1717,3517,"Half1",1,3,2,"pass",0,"deep",3,3,0,0,1
"122","IND","NO","NO","away","IND",74,442,1342,3142,"Half1",1,1,10,"pass",0,"short",3,3,-3,0,1
"123","IND","NO","NO","away","IND",74,437,1337,3137,"Half1",1,2,10,"pass",5,"short",3,3,-3,0,1
"124","IND","NO","NO","away","IND",69,396,1296,3096,"Half1",1,3,5,"pass",16,"short",3,3,-3,0,1
"125","IND","NO","NO","away","IND",53,354,1254,3054,"Half1",1,1,10,"run",3,NA,3,3,-3,1,0
"126","IND","NO","NO","away","IND",50,335,1235,3035,"Half1",1,2,7,"pass",0,"short",3,3,-3,0,1
"127","IND","NO","NO","away","IND",50,328,1228,3028,"Half1",1,3,7,"pass",0,"short",3,3,-3,0,1
"128","IND","NO","NO","away","IND",89,30,930,2730,"Half1",1,1,10,"run",4,NA,3,3,-10,1,0
"129","IND","NO","NO","away","IND",85,900,900,2700,"Half1",2,2,6,"pass",11,"short",3,3,-10,0,1
"130","IND","NO","NO","away","IND",74,865,865,2665,"Half1",2,1,10,"run",8,NA,3,3,-10,1,0
"131","IND","NO","NO","away","IND",66,830,830,2630,"Half1",2,2,2,"run",1,NA,3,3,-10,1,0
"132","IND","NO","NO","away","IND",50,813,813,2613,"Half1",2,1,10,"pass",9,"short",3,3,-10,0,1
"133","IND","NO","NO","away","IND",41,781,781,2581,"Half1",2,2,1,"run",2,NA,3,3,-10,1,0
"134","IND","NO","NO","away","IND",39,737,737,2537,"Half1",2,1,10,"pass",10,"short",3,3,-10,0,1
"135","IND","NO","NO","away","IND",29,694,694,2494,"Half1",2,1,10,"run",1,NA,3,3,-10,1,0
"136","IND","NO","NO","away","IND",28,653,653,2453,"Half1",2,2,9,"pass",6,"short",3,3,-10,0,1
"137","IND","NO","NO","away","IND",22,609,609,2409,"Half1",2,3,3,"pass",-7,NA,3,3,-10,0,1
"138","IND","NO","NO","away","IND",72,494,494,2294,"Half1",2,1,10,"pass",0,"deep",3,3,-7,0,1
"139","IND","NO","NO","away","IND",72,489,489,2289,"Half1",2,2,10,"pass",7,"short",3,3,-7,0,1
"140","IND","NO","NO","away","IND",65,461,461,2261,"Half1",2,3,3,"pass",13,"short",3,3,-7,0,1
"141","IND","NO","NO","away","IND",52,422,422,2222,"Half1",2,1,10,"run",1,NA,3,3,-7,1,0
"142","IND","NO","NO","away","IND",51,381,381,2181,"Half1",2,2,9,"pass",7,"short",3,3,-7,0,1
"143","IND","NO","NO","away","IND",44,335,335,2135,"Half1",2,3,2,"pass",21,"short",3,3,-7,0,1
"144","IND","NO","NO","away","IND",23,303,303,2103,"Half1",2,1,10,"run",-7,NA,3,3,-7,1,0
"145","IND","NO","NO","away","IND",30,269,269,2069,"Half1",2,2,17,"pass",27,"short",3,3,-7,0,1
"146","IND","NO","NO","away","IND",3,222,222,2022,"Half1",2,1,3,"pass",0,"short",3,3,-7,0,1
"147","IND","NO","NO","away","IND",8,161,161,1961,"Half1",2,2,8,"run",7,NA,3,3,-7,1,0
"148","IND","NO","NO","away","IND",1,120,120,1920,"Half1",2,3,1,"run",0,NA,3,3,-7,1,0
"149","IND","NO","NO","away","IND",1,115,115,1915,"Half1",2,4,1,"run",0,NA,3,2,-7,1,0
"150","IND","NO","NO","away","IND",52,35,35,1835,"Half1",2,1,10,"pass",19,"deep",1,2,-7,0,1
"151","IND","NO","NO","away","IND",33,23,23,1823,"Half1",2,1,10,"qb_spike",0,NA,1,2,-7,0,1
"152","IND","NO","NO","away","IND",33,20,20,1820,"Half1",2,2,10,"pass",6,"short",1,2,-7,0,1
"153","IND","NO","NO","away","IND",27,11,11,1811,"Half1",2,3,4,"pass",1,"short",0,2,-7,0,1
"154","IND","NO","NO","away","IND",58,899,1799,1799,"Half2",3,1,10,"pass",12,"short",3,3,-4,0,1
"155","IND","NO","NO","away","IND",46,860,1760,1760,"Half2",3,1,10,"pass",9,"short",3,3,-4,0,1
"156","IND","NO","NO","away","IND",37,826,1726,1726,"Half2",3,2,1,"pass",5,"short",3,3,-4,0,1
"157","IND","NO","NO","away","IND",32,790,1690,1690,"Half2",3,1,10,"pass",9,"short",3,3,-4,0,1
"158","IND","NO","NO","away","IND",23,748,1648,1648,"Half2",3,2,1,"run",7,NA,3,3,-4,1,0
"159","IND","NO","NO","away","IND",16,710,1610,1610,"Half2",3,1,10,"pass",16,"short",3,3,2,0,1
"160","IND","NO","NO","away","IND",66,368,1268,1268,"Half2",3,1,10,"run",5,NA,3,3,-4,1,0
"161","IND","NO","NO","away","IND",61,331,1231,1231,"Half2",3,2,5,"pass",13,"short",3,3,-4,0,1
"162","IND","NO","NO","away","IND",48,289,1189,1189,"Half2",3,1,10,"pass",0,"short",3,3,-4,0,1
"163","IND","NO","NO","away","IND",48,281,1181,1181,"Half2",3,2,10,"pass",12,"short",3,3,-4,0,1
"164","IND","NO","NO","away","IND",36,242,1142,1142,"Half2",3,1,10,"pass",0,"short",3,3,-4,0,1
"165","IND","NO","NO","away","IND",36,203,1103,1103,"Half2",3,2,10,"run",3,NA,3,3,-4,1,0
"166","IND","NO","NO","away","IND",33,167,1067,1067,"Half2",3,3,7,"pass",4,"short",3,3,-4,0,1
"167","IND","NO","NO","away","IND",59,639,639,639,"Half2",4,1,10,"run",12,NA,3,3,-1,1,0
"168","IND","NO","NO","away","IND",47,600,600,600,"Half2",4,1,10,"pass",5,"short",3,3,-1,0,1
"169","IND","NO","NO","away","IND",42,559,559,559,"Half2",4,2,5,"pass",6,"short",3,3,-1,0,1
"170","IND","NO","NO","away","IND",36,516,516,516,"Half2",4,1,10,"pass",8,"short",3,3,-1,0,1
"171","IND","NO","NO","away","IND",28,486,486,486,"Half2",4,2,2,"pass",8,"short",3,3,-1,0,1
"172","IND","NO","NO","away","IND",20,454,454,454,"Half2",4,1,10,"pass",6,"short",3,3,-1,0,1
"173","IND","NO","NO","away","IND",14,426,426,426,"Half2",4,2,4,"pass",9,"short",3,3,-1,0,1
"174","IND","NO","NO","away","IND",5,383,383,383,"Half2",4,1,5,"run",3,NA,3,3,-1,1,0
"175","IND","NO","NO","away","IND",2,346,346,346,"Half2",4,2,2,"pass",2,"short",3,3,5,0,1
