"","home_team","away_team","posteam","posteam_type","defteam","yardline_100","quarter_seconds_remaining","half_seconds_remaining","game_seconds_remaining","game_half","qtr","down","ydstogo","play_type","yards_gained","pass_length","posteam_timeouts_remaining","defteam_timeouts_remaining","score_differential_post","rush_attempt","pass_attempt"
"1","DEN","PIT","DEN","home","PIT",30,798,1698,3498,"Half1",1,1,10,"pass",11,"short",3,3,0,0,1
"2","DEN","PIT","DEN","home","PIT",19,772,1672,3472,"Half1",1,1,10,"pass",0,"short",3,3,0,0,1
"3","DEN","PIT","DEN","home","PIT",19,767,1667,3467,"Half1",1,2,10,"run",5,NA,3,3,0,1,0
"4","DEN","PIT","DEN","home","PIT",14,718,1618,3418,"Half1",1,3,5,"pass",4,"short",3,3,0,0,1
"5","DEN","PIT","DEN","home","PIT",68,476,1376,3176,"Half1",1,1,10,"pass",4,"short",3,2,3,0,1
"6","DEN","PIT","DEN","home","PIT",64,443,1343,3143,"Half1",1,2,6,"run",4,NA,3,2,3,1,0
"7","DEN","PIT","DEN","home","PIT",60,399,1299,3099,"Half1",1,3,2,"run",0,NA,3,2,3,1,0
"8","DEN","PIT","DEN","home","PIT",31,306,1206,3006,"Half1",1,1,10,"run",9,NA,3,2,3,1,0
"9","DEN","PIT","DEN","home","PIT",22,261,1161,2961,"Half1",1,2,1,"run",-1,NA,3,2,3,1,0
"10","DEN","PIT","DEN","home","PIT",23,228,1128,2928,"Half1",1,3,2,"pass",0,"short",3,2,3,0,1
"11","DEN","PIT","DEN","home","PIT",80,82,982,2782,"Half1",1,1,10,"pass",0,"short",3,2,-1,0,1
"12","DEN","PIT","DEN","home","PIT",80,78,978,2778,"Half1",1,2,10,"pass",11,"short",3,2,-1,0,1
"13","DEN","PIT","DEN","home","PIT",69,48,948,2748,"Half1",1,1,10,"pass",15,"short",3,2,-1,0,1
"14","DEN","PIT","DEN","home","PIT",54,14,914,2714,"Half1",1,1,10,"pass",12,"short",3,2,-1,0,1
"15","DEN","PIT","DEN","home","PIT",42,900,900,2700,"Half1",2,1,10,"pass",0,"deep",3,2,-1,0,1
"16","DEN","PIT","DEN","home","PIT",42,895,895,2695,"Half1",2,2,10,"run",-1,NA,3,2,-1,1,0
"17","DEN","PIT","DEN","home","PIT",43,864,864,2664,"Half1",2,3,11,"pass",0,"short",3,2,-1,0,1
"18","DEN","PIT","DEN","home","PIT",80,619,619,2419,"Half1",2,1,10,"run",5,NA,3,2,-4,1,0
"19","DEN","PIT","DEN","home","PIT",75,581,581,2381,"Half1",2,2,5,"run",1,NA,3,2,-4,1,0
"20","DEN","PIT","DEN","home","PIT",74,539,539,2339,"Half1",2,3,4,"pass",0,"short",3,2,-4,0,1
"21","DEN","PIT","DEN","home","PIT",59,408,408,2208,"Half1",2,1,10,"pass",15,"short",3,2,-4,0,1
"22","DEN","PIT","DEN","home","PIT",44,371,371,2171,"Half1",2,1,10,"pass",0,"deep",3,2,-4,0,1
"23","DEN","PIT","DEN","home","PIT",44,365,365,2165,"Half1",2,2,10,"pass",0,"short",3,2,-4,0,1
"24","DEN","PIT","DEN","home","PIT",44,359,359,2159,"Half1",2,3,10,"pass",7,"short",2,2,-4,0,1
"25","DEN","PIT","DEN","home","PIT",37,316,316,2116,"Half1",2,4,3,"pass",0,"short",2,2,-4,0,1
"26","DEN","PIT","DEN","home","PIT",95,194,194,1994,"Half1",2,1,10,"run",1,NA,2,2,-4,1,0
"27","DEN","PIT","DEN","home","PIT",94,153,153,1953,"Half1",2,2,9,"run",34,NA,2,2,-4,1,0
"28","DEN","PIT","DEN","home","PIT",60,122,122,1922,"Half1",2,1,10,"run",1,NA,2,2,-4,1,0
"29","DEN","PIT","DEN","home","PIT",59,116,116,1916,"Half1",2,2,9,"pass",6,"short",2,2,-4,0,1
"30","DEN","PIT","DEN","home","PIT",53,77,77,1877,"Half1",2,3,3,"pass",10,"short",2,2,-4,0,1
"31","DEN","PIT","DEN","home","PIT",43,53,53,1853,"Half1",2,1,10,"pass",4,"short",2,2,-4,0,1
"32","DEN","PIT","DEN","home","PIT",39,47,47,1847,"Half1",2,2,6,"run",7,NA,1,2,-4,1,0
"33","DEN","PIT","DEN","home","PIT",32,22,22,1822,"Half1",2,1,10,"pass",0,"deep",1,2,-4,0,1
"34","DEN","PIT","DEN","home","PIT",32,16,16,1816,"Half1",2,2,10,"pass",0,"short",1,2,-4,0,1
"35","DEN","PIT","DEN","home","PIT",32,12,12,1812,"Half1",2,3,10,"run",0,NA,1,2,-4,1,0
"36","DEN","PIT","DEN","home","PIT",80,900,1800,1800,"Half2",3,1,10,"run",2,NA,3,3,-1,1,0
"37","DEN","PIT","DEN","home","PIT",78,864,1764,1764,"Half2",3,2,8,"run",1,NA,3,3,-1,1,0
"38","DEN","PIT","DEN","home","PIT",68,817,1717,1717,"Half2",3,1,10,"run",1,NA,3,3,-1,1,0
"39","DEN","PIT","DEN","home","PIT",67,795,1695,1695,"Half2",3,2,9,"pass",3,"short",3,3,-1,0,1
"40","DEN","PIT","DEN","home","PIT",64,747,1647,1647,"Half2",3,3,6,"pass",-1,"short",3,3,-1,0,1
"41","DEN","PIT","DEN","home","PIT",80,572,1472,1472,"Half2",3,1,10,"pass",19,"deep",3,3,-4,0,1
"42","DEN","PIT","DEN","home","PIT",61,534,1434,1434,"Half2",3,1,10,"pass",0,"short",3,3,-4,0,1
"43","DEN","PIT","DEN","home","PIT",61,529,1429,1429,"Half2",3,2,10,"run",-1,NA,3,3,-4,1,0
"44","DEN","PIT","DEN","home","PIT",62,492,1392,1392,"Half2",3,3,11,"pass",0,"deep",3,3,-4,0,1
"45","DEN","PIT","DEN","home","PIT",53,353,1253,1253,"Half2",3,1,10,"pass",10,"short",3,3,-4,0,1
"46","DEN","PIT","DEN","home","PIT",43,329,1229,1229,"Half2",3,1,10,"pass",10,"short",3,3,-4,0,1
"47","DEN","PIT","DEN","home","PIT",33,305,1205,1205,"Half2",3,1,10,"run",11,NA,3,3,-4,1,0
"48","DEN","PIT","DEN","home","PIT",22,263,1163,1163,"Half2",3,1,10,"pass",-7,NA,3,3,-4,0,1
"49","DEN","PIT","DEN","home","PIT",29,220,1120,1120,"Half2",3,2,17,"pass",6,"short",3,3,-4,0,1
"50","DEN","PIT","DEN","home","PIT",23,174,1074,1074,"Half2",3,3,11,"pass",0,"deep",2,3,-4,0,1
"51","DEN","PIT","DEN","home","PIT",80,795,795,795,"Half2",4,1,10,"pass",34,"short",2,3,-1,0,1
"52","DEN","PIT","DEN","home","PIT",46,773,773,773,"Half2",4,1,10,"pass",0,"short",2,3,-1,0,1
"53","DEN","PIT","DEN","home","PIT",46,768,768,768,"Half2",4,2,10,"run",-4,NA,1,3,-1,1,0
"54","DEN","PIT","DEN","home","PIT",50,731,731,731,"Half2",4,3,14,"pass",4,"short",1,3,-1,0,1
"55","DEN","PIT","DEN","home","PIT",65,592,592,592,"Half2",4,1,10,"run",2,NA,1,3,-1,1,0
"56","DEN","PIT","DEN","home","PIT",63,559,559,559,"Half2",4,2,8,"run",6,NA,1,3,-1,1,0
"57","DEN","PIT","DEN","home","PIT",67,524,524,524,"Half2",4,2,12,"pass",0,"deep",1,3,-1,0,1
"58","DEN","PIT","DEN","home","PIT",67,517,517,517,"Half2",4,3,12,"pass",31,"deep",1,3,-1,0,1
"59","DEN","PIT","DEN","home","PIT",36,483,483,483,"Half2",4,1,10,"run",3,NA,1,3,-1,1,0
"60","DEN","PIT","DEN","home","PIT",28,433,433,433,"Half2",4,2,2,"run",3,NA,1,3,-1,1,0
"61","DEN","PIT","DEN","home","PIT",25,404,404,404,"Half2",4,1,10,"run",4,NA,1,3,-1,1,0
"62","DEN","PIT","DEN","home","PIT",21,360,360,360,"Half2",4,2,6,"pass",7,"short",1,3,-1,0,1
"63","DEN","PIT","DEN","home","PIT",14,327,327,327,"Half2",4,1,10,"run",5,NA,1,3,-1,1,0
"64","DEN","PIT","DEN","home","PIT",9,290,290,290,"Half2",4,2,5,"run",7,NA,1,3,-1,1,0
"65","DEN","PIT","DEN","home","PIT",2,248,248,248,"Half2",4,1,2,"run",0,NA,1,3,-1,1,0
"66","DEN","PIT","DEN","home","PIT",2,205,205,205,"Half2",4,2,2,"run",1,NA,1,3,-1,1,0
"67","DEN","PIT","DEN","home","PIT",1,184,184,184,"Half2",4,3,1,"run",1,NA,1,3,5,1,0
"68","DEN","PIT","DEN","home","PIT",30,109,109,109,"Half2",4,1,10,"run",-1,NA,0,2,7,1,0
"69","DEN","PIT","DEN","home","PIT",31,105,105,105,"Half2",4,2,11,"run",0,NA,0,1,7,1,0
"70","DEN","PIT","DEN","home","PIT",31,101,101,101,"Half2",4,3,11,"run",4,NA,0,0,7,1,0
"71","DEN","NE","DEN","home","NE",83,782,1682,3482,"Half1",1,1,10,"pass",0,"short",3,3,0,0,1
"72","DEN","NE","DEN","home","NE",83,778,1678,3478,"Half1",1,2,10,"pass",0,"deep",3,3,0,0,1
"73","DEN","NE","DEN","home","NE",83,774,1674,3474,"Half1",1,3,10,"pass",11,"short",3,3,0,0,1
"74","DEN","NE","DEN","home","NE",72,736,1636,3436,"Half1",1,1,10,"run",-1,NA,3,3,0,1,0
"75","DEN","NE","DEN","home","NE",73,695,1595,3395,"Half1",1,2,11,"pass",13,"short",3,3,0,0,1
"76","DEN","NE","DEN","home","NE",60,663,1563,3363,"Half1",1,1,10,"run",2,NA,3,3,0,1,0
"77","DEN","NE","DEN","home","NE",58,620,1520,3320,"Half1",1,2,8,"run",2,NA,3,3,0,1,0
"78","DEN","NE","DEN","home","NE",42,583,1483,3283,"Half1",1,1,10,"run",7,NA,3,3,0,1,0
"79","DEN","NE","DEN","home","NE",35,543,1443,3243,"Half1",1,2,3,"pass",15,"short",3,3,0,0,1
"80","DEN","NE","DEN","home","NE",20,499,1399,3199,"Half1",1,1,10,"run",-1,NA,3,3,0,1,0
"81","DEN","NE","DEN","home","NE",21,457,1357,3157,"Half1",1,2,11,"pass",21,"deep",3,3,6,0,1
"82","DEN","NE","DEN","home","NE",66,400,1300,3100,"Half1",1,1,10,"pass",5,"short",3,3,7,0,1
"83","DEN","NE","DEN","home","NE",61,359,1259,3059,"Half1",1,2,5,"run",-1,NA,3,3,7,1,0
"84","DEN","NE","DEN","home","NE",62,324,1224,3024,"Half1",1,3,6,"pass",0,"short",3,3,7,0,1
"85","DEN","NE","DEN","home","NE",74,188,1088,2888,"Half1",1,1,10,"run",2,NA,3,3,7,1,0
"86","DEN","NE","DEN","home","NE",72,147,1047,2847,"Half1",1,2,8,"run",0,NA,3,3,7,1,0
"87","DEN","NE","DEN","home","NE",80,109,1009,2809,"Half1",1,1,10,"run",3,NA,3,3,1,1,0
"88","DEN","NE","DEN","home","NE",77,79,979,2779,"Half1",1,2,7,"pass",3,"short",3,3,1,0,1
"89","DEN","NE","DEN","home","NE",74,46,946,2746,"Half1",1,3,4,"pass",34,"deep",3,3,1,0,1
"90","DEN","NE","DEN","home","NE",40,2,902,2702,"Half1",1,1,10,"run",1,NA,3,3,1,1,0
"91","DEN","NE","DEN","home","NE",39,900,900,2700,"Half1",2,2,9,"pass",0,"short",3,3,1,0,1
"92","DEN","NE","DEN","home","NE",39,897,897,2697,"Half1",2,3,9,"pass",0,"short",3,3,1,0,1
"93","DEN","NE","DEN","home","NE",16,875,875,2675,"Half1",2,1,10,"pass",0,"deep",3,3,1,0,1
"94","DEN","NE","DEN","home","NE",16,870,870,2670,"Half1",2,2,10,"run",4,NA,3,3,1,1,0
"95","DEN","NE","DEN","home","NE",12,831,831,2631,"Half1",2,3,6,"pass",12,"short",3,3,7,0,1
"96","DEN","NE","DEN","home","NE",80,422,422,2222,"Half1",2,1,10,"run",3,NA,3,2,5,1,0
"97","DEN","NE","DEN","home","NE",77,381,381,2181,"Half1",2,2,7,"run",2,NA,3,2,5,1,0
"98","DEN","NE","DEN","home","NE",75,336,336,2136,"Half1",2,3,5,"pass",0,"short",3,2,5,0,1
"99","DEN","NE","DEN","home","NE",61,248,248,2048,"Half1",2,1,15,"pass",-6,NA,3,2,5,0,1
"100","DEN","NE","DEN","home","NE",67,203,203,2003,"Half1",2,2,21,"pass",0,"short",2,2,5,0,1
"101","DEN","NE","DEN","home","NE",67,195,195,1995,"Half1",2,3,21,"run",7,NA,2,2,5,1,0
"102","DEN","NE","DEN","home","NE",56,106,106,1906,"Half1",2,1,10,"run",9,NA,1,2,5,1,0
"103","DEN","NE","DEN","home","NE",47,81,81,1881,"Half1",2,2,1,"pass",7,"short",1,2,5,0,1
"104","DEN","NE","DEN","home","NE",40,53,53,1853,"Half1",2,1,10,"pass",7,"short",1,2,5,0,1
"105","DEN","NE","DEN","home","NE",33,47,47,1847,"Half1",2,2,3,"pass",0,"deep",1,2,5,0,1
"106","DEN","NE","DEN","home","NE",33,42,42,1842,"Half1",2,3,3,"pass",0,"short",1,2,5,0,1
"107","DEN","NE","DEN","home","NE",80,900,1800,1800,"Half2",3,1,10,"run",0,NA,3,3,8,1,0
"108","DEN","NE","DEN","home","NE",80,876,1776,1776,"Half2",3,2,10,"pass",-13,NA,3,3,8,0,1
"109","DEN","NE","DEN","home","NE",93,832,1732,1732,"Half2",3,3,23,"run",8,NA,3,3,8,1,0
"110","DEN","NE","DEN","home","NE",80,626,1526,1526,"Half2",3,1,10,"run",0,NA,3,3,5,1,0
"111","DEN","NE","DEN","home","NE",80,593,1493,1493,"Half2",3,2,10,"pass",0,"deep",3,3,5,0,1
"112","DEN","NE","DEN","home","NE",80,589,1489,1489,"Half2",3,3,10,"run",12,NA,3,3,5,1,0
"113","DEN","NE","DEN","home","NE",68,541,1441,1441,"Half2",3,1,10,"pass",13,"short",3,3,5,0,1
"114","DEN","NE","DEN","home","NE",55,506,1406,1406,"Half2",3,1,10,"run",2,NA,3,3,5,1,0
"115","DEN","NE","DEN","home","NE",53,465,1365,1365,"Half2",3,2,8,"pass",7,"short",3,3,5,0,1
"116","DEN","NE","DEN","home","NE",46,433,1333,1333,"Half2",3,3,1,"run",0,NA,3,3,5,1,0
"117","DEN","NE","DEN","home","NE",56,280,1180,1180,"Half2",3,1,10,"run",3,NA,3,3,5,1,0
"118","DEN","NE","DEN","home","NE",53,247,1147,1147,"Half2",3,2,7,"pass",-12,NA,3,3,5,0,1
"119","DEN","NE","DEN","home","NE",65,202,1102,1102,"Half2",3,3,19,"pass",8,"short",3,3,5,0,1
"120","DEN","NE","DEN","home","NE",61,900,900,900,"Half2",4,1,10,"pass",3,"short",3,3,5,0,1
"121","DEN","NE","DEN","home","NE",58,869,869,869,"Half2",4,2,7,"pass",6,"short",3,3,5,0,1
"122","DEN","NE","DEN","home","NE",52,819,819,819,"Half2",4,3,1,"run",30,NA,3,3,5,1,0
"123","DEN","NE","DEN","home","NE",22,788,788,788,"Half2",4,1,10,"run",8,NA,3,3,5,1,0
"124","DEN","NE","DEN","home","NE",14,744,744,744,"Half2",4,2,2,"run",0,NA,3,3,5,1,0
"125","DEN","NE","DEN","home","NE",14,701,701,701,"Half2",4,3,2,"pass",4,"short",3,3,5,0,1
"126","DEN","NE","DEN","home","NE",10,660,660,660,"Half2",4,1,10,"run",-3,NA,3,3,5,1,0
"127","DEN","NE","DEN","home","NE",13,614,614,614,"Half2",4,2,13,"pass",0,"short",3,3,5,0,1
"128","DEN","NE","DEN","home","NE",13,610,610,610,"Half2",4,3,13,"pass",0,"short",3,3,5,0,1
"129","DEN","NE","DEN","home","NE",83,356,356,356,"Half2",4,1,10,"run",1,NA,2,3,8,1,0
"130","DEN","NE","DEN","home","NE",82,322,322,322,"Half2",4,2,9,"pass",0,"short",2,3,8,0,1
"131","DEN","NE","DEN","home","NE",87,319,319,319,"Half2",4,3,14,"pass",7,"short",2,3,8,0,1
"132","DEN","NE","DEN","home","NE",86,138,138,138,"Half2",4,1,10,"run",2,NA,1,3,8,1,0
"133","DEN","NE","DEN","home","NE",84,133,133,133,"Half2",4,2,8,"run",-2,NA,1,2,8,1,0
"134","DEN","NE","DEN","home","NE",86,129,129,129,"Half2",4,3,10,"pass",0,"deep",1,1,8,0,1
"135","DEN","CAR","DEN","home","CAR",80,896,1796,3596,"Half1",1,1,10,"pass",18,"short",3,3,0,0,1
"136","DEN","CAR","DEN","home","CAR",62,859,1759,3559,"Half1",1,1,10,"pass",6,"short",3,3,0,0,1
"137","DEN","CAR","DEN","home","CAR",56,830,1730,3530,"Half1",1,2,4,"pass",0,"short",3,3,0,0,1
"138","DEN","CAR","DEN","home","CAR",56,826,1726,3526,"Half1",1,3,4,"pass",22,"deep",3,3,0,0,1
"139","DEN","CAR","DEN","home","CAR",34,802,1702,3502,"Half1",1,1,10,"run",8,NA,3,3,0,1,0
"140","DEN","CAR","DEN","home","CAR",26,767,1667,3467,"Half1",1,2,2,"run",12,NA,3,3,0,1,0
"141","DEN","CAR","DEN","home","CAR",14,727,1627,3427,"Half1",1,1,10,"run",-3,NA,3,3,0,1,0
"142","DEN","CAR","DEN","home","CAR",17,686,1586,3386,"Half1",1,2,13,"pass",0,"short",3,3,0,0,1
"143","DEN","CAR","DEN","home","CAR",17,682,1582,3382,"Half1",1,3,13,"pass",1,"short",3,3,0,0,1
"144","DEN","CAR","DEN","home","CAR",75,559,1459,3259,"Half1",1,1,10,"pass",7,"short",3,3,3,0,1
"145","DEN","CAR","DEN","home","CAR",68,524,1424,3224,"Half1",1,2,3,"run",2,NA,3,3,3,1,0
"146","DEN","CAR","DEN","home","CAR",66,488,1388,3188,"Half1",1,3,1,"pass",0,"short",3,3,3,0,1
"147","DEN","CAR","DEN","home","CAR",87,192,1092,2892,"Half1",1,1,10,"pass",7,"short",3,2,9,0,1
"148","DEN","CAR","DEN","home","CAR",80,152,1052,2852,"Half1",1,2,3,"run",0,NA,3,2,9,1,0
"149","DEN","CAR","DEN","home","CAR",80,120,1020,2820,"Half1",1,3,3,"pass",-9,NA,3,2,9,0,1
"150","DEN","CAR","DEN","home","CAR",80,685,685,2485,"Half1",2,1,10,"pass",-7,NA,3,2,2,0,1
"151","DEN","CAR","DEN","home","CAR",87,671,671,2471,"Half1",2,2,17,"pass",0,"deep",3,2,2,0,1
"152","DEN","CAR","DEN","home","CAR",87,665,665,2465,"Half1",2,3,17,"pass",0,"short",3,2,2,0,1
"153","DEN","CAR","DEN","home","CAR",14,551,551,2351,"Half1",2,1,10,"pass",7,"short",3,2,2,0,1
"154","DEN","CAR","DEN","home","CAR",7,492,492,2292,"Half1",2,2,3,"run",2,NA,3,2,2,1,0
"155","DEN","CAR","DEN","home","CAR",5,475,475,2275,"Half1",2,3,1,"run",0,NA,2,2,2,1,0
"156","DEN","CAR","DEN","home","CAR",60,392,392,2192,"Half1",2,1,10,"pass",0,"short",2,2,5,0,1
"157","DEN","CAR","DEN","home","CAR",60,388,388,2188,"Half1",2,2,10,"run",34,NA,2,2,5,1,0
"158","DEN","CAR","DEN","home","CAR",26,361,361,2161,"Half1",2,1,10,"run",3,NA,2,2,5,1,0
"159","DEN","CAR","DEN","home","CAR",23,318,318,2118,"Half1",2,2,7,"run",-1,NA,2,2,5,1,0
"160","DEN","CAR","DEN","home","CAR",24,275,275,2075,"Half1",2,3,8,"pass",0,"short",2,2,5,0,1
"161","DEN","CAR","DEN","home","CAR",80,197,197,1997,"Half1",2,1,10,"pass",8,"short",2,2,5,0,1
"162","DEN","CAR","DEN","home","CAR",72,169,169,1969,"Half1",2,2,2,"run",0,NA,2,2,5,1,0
"163","DEN","CAR","DEN","home","CAR",72,126,126,1926,"Half1",2,3,2,"pass",0,"short",2,2,5,0,1
"164","DEN","CAR","DEN","home","CAR",66,648,1548,1548,"Half2",3,1,10,"pass",25,"deep",3,3,5,0,1
"165","DEN","CAR","DEN","home","CAR",41,622,1522,1522,"Half2",3,1,10,"run",2,NA,3,3,5,1,0
"166","DEN","CAR","DEN","home","CAR",39,597,1497,1497,"Half2",3,2,8,"pass",22,"short",3,3,5,0,1
"167","DEN","CAR","DEN","home","CAR",12,548,1448,1448,"Half2",3,1,5,"run",0,NA,3,3,5,1,0
"168","DEN","CAR","DEN","home","CAR",12,510,1410,1410,"Half2",3,2,5,"pass",0,"short",3,3,5,0,1
"169","DEN","CAR","DEN","home","CAR",12,506,1406,1406,"Half2",3,3,5,"pass",0,"short",3,3,5,0,1
"170","DEN","CAR","DEN","home","CAR",93,344,1244,1244,"Half2",3,1,10,"run",13,NA,3,3,8,1,0
"171","DEN","CAR","DEN","home","CAR",80,315,1215,1215,"Half2",3,1,10,"run",0,NA,3,3,8,1,0
"172","DEN","CAR","DEN","home","CAR",80,281,1181,1181,"Half2",3,2,10,"pass",-7,NA,3,3,8,0,1
"173","DEN","CAR","DEN","home","CAR",87,238,1138,1138,"Half2",3,3,17,"run",2,NA,3,3,8,1,0
"174","DEN","CAR","DEN","home","CAR",68,19,919,919,"Half2",3,1,10,"run",0,NA,3,3,8,1,0
"175","DEN","CAR","DEN","home","CAR",68,900,900,900,"Half2",4,2,10,"pass",16,"short",3,3,8,0,1
"176","DEN","CAR","DEN","home","CAR",37,886,886,886,"Half2",4,1,10,"pass",-5,NA,3,3,8,0,1
"177","DEN","CAR","DEN","home","CAR",42,847,847,847,"Half2",4,2,15,"run",1,NA,3,3,8,1,0
"178","DEN","CAR","DEN","home","CAR",41,807,807,807,"Half2",4,3,14,"pass",-9,NA,3,3,8,0,1
"179","DEN","CAR","DEN","home","CAR",76,616,616,616,"Half2",4,1,10,"pass",2,"short",3,3,5,0,1
"180","DEN","CAR","DEN","home","CAR",74,579,579,579,"Half2",4,2,8,"run",2,NA,3,3,5,1,0
"181","DEN","CAR","DEN","home","CAR",72,551,551,551,"Half2",4,3,6,"pass",0,"short",3,3,5,0,1
"182","DEN","CAR","DEN","home","CAR",75,427,427,427,"Half2",4,1,10,"run",-1,NA,3,3,5,1,0
"183","DEN","CAR","DEN","home","CAR",76,387,387,387,"Half2",4,2,11,"run",2,NA,3,3,5,1,0
"184","DEN","CAR","DEN","home","CAR",74,342,342,342,"Half2",4,3,9,"run",2,NA,3,3,5,1,0
"185","DEN","CAR","DEN","home","CAR",4,244,244,244,"Half2",4,1,4,"run",-2,NA,3,3,5,1,0
"186","DEN","CAR","DEN","home","CAR",6,202,202,202,"Half2",4,2,6,"run",2,NA,3,3,5,1,0
"187","DEN","CAR","DEN","home","CAR",2,193,193,193,"Half2",4,1,2,"run",2,NA,3,2,11,1,0
"188","DEN","CAR","DEN","home","CAR",63,117,117,117,"Half2",4,1,10,"run",0,NA,3,2,13,1,0
"189","DEN","CAR","DEN","home","CAR",63,111,111,111,"Half2",4,2,10,"run",3,NA,3,1,13,1,0
"190","DEN","CAR","DEN","home","CAR",60,106,106,106,"Half2",4,3,7,"run",5,NA,3,0,13,1,0
