"","home_team","away_team","posteam","posteam_type","defteam","yardline_100","quarter_seconds_remaining","half_seconds_remaining","game_seconds_remaining","game_half","qtr","down","ydstogo","play_type","yards_gained","pass_length","posteam_timeouts_remaining","defteam_timeouts_remaining","score_differential_post","rush_attempt","pass_attempt"
"1","PHI","ATL","PHI","home","ATL",33,886,1786,3586,"Half1",1,1,10,"run",6,NA,3,3,0,1,0
"2","PHI","ATL","PHI","home","ATL",75,544,1444,3244,"Half1",1,1,10,"run",0,NA,3,3,-3,1,0
"3","PHI","ATL","PHI","home","ATL",75,506,1406,3206,"Half1",1,2,10,"pass",0,"short",3,3,-3,0,1
"4","PHI","ATL","PHI","home","ATL",54,498,1398,3198,"Half1",1,1,10,"run",7,NA,3,3,-3,1,0
"5","PHI","ATL","PHI","home","ATL",47,457,1357,3157,"Half1",1,2,3,"run",11,NA,3,3,-3,1,0
"6","PHI","ATL","PHI","home","ATL",36,414,1314,3114,"Half1",1,1,10,"run",0,NA,3,3,-3,1,0
"7","PHI","ATL","PHI","home","ATL",43,371,1271,3071,"Half1",1,2,17,"pass",10,"short",3,3,-3,0,1
"8","PHI","ATL","PHI","home","ATL",33,340,1240,3040,"Half1",1,3,7,"pass",-8,NA,3,3,-3,0,1
"9","PHI","ATL","PHI","home","ATL",86,132,1032,2832,"Half1",1,1,10,"run",10,NA,3,3,-3,1,0
"10","PHI","ATL","PHI","home","ATL",76,98,998,2798,"Half1",1,1,10,"run",8,NA,3,3,-3,1,0
"11","PHI","ATL","PHI","home","ATL",68,61,961,2761,"Half1",1,2,2,"run",7,NA,3,3,-3,1,0
"12","PHI","ATL","PHI","home","ATL",61,21,921,2721,"Half1",1,1,10,"pass",9,"short",3,3,-3,0,1
"13","PHI","ATL","PHI","home","ATL",52,900,900,2700,"Half1",2,2,1,"run",8,NA,3,3,-3,1,0
"14","PHI","ATL","PHI","home","ATL",44,858,858,2658,"Half1",2,1,10,"pass",6,"short",3,3,-3,0,1
"15","PHI","ATL","PHI","home","ATL",38,830,830,2630,"Half1",2,2,4,"pass",7,"short",3,3,-3,0,1
"16","PHI","ATL","PHI","home","ATL",31,809,809,2609,"Half1",2,1,10,"run",1,NA,3,2,-3,1,0
"17","PHI","ATL","PHI","home","ATL",30,766,766,2566,"Half1",2,2,9,"pass",6,"short",3,2,-3,0,1
"18","PHI","ATL","PHI","home","ATL",24,733,733,2533,"Half1",2,3,3,"run",21,NA,3,2,-3,1,0
"19","PHI","ATL","PHI","home","ATL",3,700,700,2500,"Half1",2,1,3,"pass",0,"short",3,1,-3,0,1
"20","PHI","ATL","PHI","home","ATL",3,696,696,2496,"Half1",2,2,3,"run",1,NA,3,1,-3,1,0
"21","PHI","ATL","PHI","home","ATL",2,651,651,2451,"Half1",2,3,2,"run",1,NA,3,1,-3,1,0
"22","PHI","ATL","PHI","home","ATL",1,632,632,2432,"Half1",2,4,1,"run",1,NA,3,1,3,1,0
"23","PHI","ATL","PHI","home","ATL",70,336,336,2136,"Half1",2,1,10,"run",-4,NA,3,1,-4,1,0
"24","PHI","ATL","PHI","home","ATL",74,296,296,2096,"Half1",2,2,14,"pass",11,"short",3,1,-4,0,1
"25","PHI","ATL","PHI","home","ATL",63,256,256,2056,"Half1",2,3,3,"pass",4,"short",3,1,-4,0,1
"26","PHI","ATL","PHI","home","ATL",59,217,217,2017,"Half1",2,1,10,"run",-1,NA,3,1,-4,1,0
"27","PHI","ATL","PHI","home","ATL",60,180,180,1980,"Half1",2,2,11,"pass",6,"short",3,1,-4,0,1
"28","PHI","ATL","PHI","home","ATL",54,140,140,1940,"Half1",2,3,5,"pass",0,"deep",3,1,-4,0,1
"29","PHI","ATL","PHI","home","ATL",72,46,46,1846,"Half1",2,1,10,"pass",7,"short",2,1,-4,0,1
"30","PHI","ATL","PHI","home","ATL",70,22,22,1822,"Half1",2,2,8,"pass",20,"short",1,1,-4,0,1
"31","PHI","ATL","PHI","home","ATL",50,12,12,1812,"Half1",2,1,10,"pass",0,"deep",0,1,-4,0,1
"32","PHI","ATL","PHI","home","ATL",50,5,5,1805,"Half1",2,2,10,"pass",15,"short",0,1,-4,0,1
"33","PHI","ATL","PHI","home","ATL",60,795,1695,1695,"Half2",3,1,10,"run",-2,NA,3,3,-1,1,0
"34","PHI","ATL","PHI","home","ATL",62,756,1656,1656,"Half2",3,2,12,"pass",8,"short",3,3,-1,0,1
"35","PHI","ATL","PHI","home","ATL",54,713,1613,1613,"Half2",3,3,4,"run",2,NA,3,3,-1,1,0
"36","PHI","ATL","PHI","home","ATL",93,353,1253,1253,"Half2",3,1,10,"run",2,NA,3,3,-1,1,0
"37","PHI","ATL","PHI","home","ATL",91,318,1218,1218,"Half2",3,2,8,"pass",12,"short",3,3,-1,0,1
"38","PHI","ATL","PHI","home","ATL",79,281,1181,1181,"Half2",3,1,10,"pass",13,"short",3,3,-1,0,1
"39","PHI","ATL","PHI","home","ATL",66,254,1154,1154,"Half2",3,1,10,"run",2,NA,3,3,-1,1,0
"40","PHI","ATL","PHI","home","ATL",64,216,1116,1116,"Half2",3,2,8,"run",0,NA,3,3,-1,1,0
"41","PHI","ATL","PHI","home","ATL",64,174,1074,1074,"Half2",3,3,8,"pass",21,"short",3,3,-1,0,1
"42","PHI","ATL","PHI","home","ATL",43,141,1041,1041,"Half2",3,1,10,"pass",11,"short",3,3,-1,0,1
"43","PHI","ATL","PHI","home","ATL",32,95,995,995,"Half2",3,1,10,"pass",13,"short",3,3,-1,0,1
"44","PHI","ATL","PHI","home","ATL",19,65,965,965,"Half2",3,1,10,"run",0,NA,3,3,-1,1,0
"45","PHI","ATL","PHI","home","ATL",19,23,923,923,"Half2",3,2,10,"pass",0,"short",3,3,-1,0,1
"46","PHI","ATL","PHI","home","ATL",19,19,919,919,"Half2",3,3,10,"pass",0,"short",3,3,-1,0,1
"47","PHI","ATL","PHI","home","ATL",83,839,839,839,"Half2",4,1,10,"pass",0,"deep",3,3,2,0,1
"48","PHI","ATL","PHI","home","ATL",83,835,835,835,"Half2",4,2,10,"pass",3,"short",3,3,2,0,1
"49","PHI","ATL","PHI","home","ATL",80,796,796,796,"Half2",4,3,7,"pass",32,"short",3,3,2,0,1
"50","PHI","ATL","PHI","home","ATL",48,758,758,758,"Half2",4,1,10,"run",0,NA,3,3,2,1,0
"51","PHI","ATL","PHI","home","ATL",48,719,719,719,"Half2",4,2,10,"run",3,NA,3,3,2,1,0
"52","PHI","ATL","PHI","home","ATL",45,674,674,674,"Half2",4,3,7,"pass",11,"short",3,3,2,0,1
"53","PHI","ATL","PHI","home","ATL",34,629,629,629,"Half2",4,1,10,"pass",10,"short",3,3,2,0,1
"54","PHI","ATL","PHI","home","ATL",24,599,599,599,"Half2",4,1,10,"pass",9,"short",3,3,2,0,1
"55","PHI","ATL","PHI","home","ATL",15,565,565,565,"Half2",4,2,1,"run",-1,NA,3,3,2,1,0
"56","PHI","ATL","PHI","home","ATL",16,526,526,526,"Half2",4,3,2,"run",4,NA,3,3,2,1,0
"57","PHI","ATL","PHI","home","ATL",12,484,484,484,"Half2",4,1,10,"run",7,NA,3,3,2,1,0
"58","PHI","ATL","PHI","home","ATL",5,449,449,449,"Half2",4,2,3,"run",0,NA,3,3,2,1,0
"59","PHI","ATL","PHI","home","ATL",5,410,410,410,"Half2",4,3,3,"pass",2,"short",3,3,2,0,1
"60","PHI","ATL","PHI","home","ATL",93,58,58,58,"Half2",4,1,5,"run",5,NA,0,2,5,1,0
"61","PHI","MIN","PHI","home","MIN",75,614,1514,3314,"Half1",1,1,10,"pass",11,"short",3,3,-7,0,1
"62","PHI","MIN","PHI","home","MIN",64,576,1476,3276,"Half1",1,1,10,"pass",0,"deep",3,3,-7,0,1
"63","PHI","MIN","PHI","home","MIN",64,568,1468,3268,"Half1",1,2,10,"pass",6,"short",3,3,-7,0,1
"64","PHI","MIN","PHI","home","MIN",58,526,1426,3226,"Half1",1,3,4,"pass",0,"deep",3,3,-7,0,1
"65","PHI","MIN","PHI","home","MIN",75,297,1197,2997,"Half1",1,1,10,"run",13,NA,3,3,-1,1,0
"66","PHI","MIN","PHI","home","MIN",62,255,1155,2955,"Half1",1,1,10,"run",7,NA,3,3,-1,1,0
"67","PHI","MIN","PHI","home","MIN",55,215,1115,2915,"Half1",1,2,3,"pass",8,"short",3,3,-1,0,1
"68","PHI","MIN","PHI","home","MIN",47,177,1077,2877,"Half1",1,1,10,"run",0,NA,3,3,-1,1,0
"69","PHI","MIN","PHI","home","MIN",47,146,1046,2846,"Half1",1,2,10,"pass",0,"short",3,3,-1,0,1
"70","PHI","MIN","PHI","home","MIN",47,138,1038,2838,"Half1",1,3,10,"pass",11,"short",3,3,-1,0,1
"71","PHI","MIN","PHI","home","MIN",36,96,996,2796,"Half1",1,1,10,"pass",8,"short",3,3,-1,0,1
"72","PHI","MIN","PHI","home","MIN",28,63,963,2763,"Half1",1,2,2,"run",2,NA,3,3,-1,1,0
"73","PHI","MIN","PHI","home","MIN",26,17,917,2717,"Half1",1,1,10,"pass",9,"short",3,3,-1,0,1
"74","PHI","MIN","PHI","home","MIN",17,900,900,2700,"Half1",2,2,1,"run",0,NA,3,3,-1,1,0
"75","PHI","MIN","PHI","home","MIN",17,855,855,2655,"Half1",2,3,1,"pass",6,"short",3,3,-1,0,1
"76","PHI","MIN","PHI","home","MIN",11,822,822,2622,"Half1",2,1,10,"run",11,NA,3,3,5,1,0
"77","PHI","MIN","PHI","home","MIN",70,714,714,2514,"Half1",2,1,10,"run",2,NA,3,3,6,1,0
"78","PHI","MIN","PHI","home","MIN",68,675,675,2475,"Half1",2,2,8,"pass",0,"short",3,3,6,0,1
"79","PHI","MIN","PHI","home","MIN",68,672,672,2472,"Half1",2,3,8,"pass",15,"short",3,3,6,0,1
"80","PHI","MIN","PHI","home","MIN",53,638,638,2438,"Half1",2,1,10,"run",3,NA,3,3,6,1,0
"81","PHI","MIN","PHI","home","MIN",50,610,610,2410,"Half1",2,2,7,"pass",0,NA,3,3,6,0,1
"82","PHI","MIN","PHI","home","MIN",50,605,605,2405,"Half1",2,3,7,"pass",-6,NA,3,3,6,0,1
"83","PHI","MIN","PHI","home","MIN",76,196,196,1996,"Half1",2,1,10,"pass",2,"short",3,3,6,0,1
"84","PHI","MIN","PHI","home","MIN",74,154,154,1954,"Half1",2,2,8,"run",2,NA,3,3,6,1,0
"85","PHI","MIN","PHI","home","MIN",72,120,120,1920,"Half1",2,3,6,"pass",8,"short",3,3,6,0,1
"86","PHI","MIN","PHI","home","MIN",64,114,114,1914,"Half1",2,1,10,"pass",11,"short",3,3,6,0,1
"87","PHI","MIN","PHI","home","MIN",53,92,92,1892,"Half1",2,1,10,"pass",0,"deep",3,3,6,0,1
"88","PHI","MIN","PHI","home","MIN",53,85,85,1885,"Half1",2,2,10,"pass",0,"short",3,3,6,0,1
"89","PHI","MIN","PHI","home","MIN",53,78,78,1878,"Half1",2,3,10,"pass",53,"deep",3,3,12,0,1
"90","PHI","MIN","PHI","home","MIN",80,29,29,1829,"Half1",2,1,10,"pass",11,"short",3,2,13,0,1
"91","PHI","MIN","PHI","home","MIN",69,23,23,1823,"Half1",2,1,10,"pass",36,"deep",3,2,13,0,1
"92","PHI","MIN","PHI","home","MIN",33,15,15,1815,"Half1",2,1,10,"pass",13,"short",3,2,13,0,1
"93","PHI","MIN","PHI","home","MIN",75,900,1800,1800,"Half2",3,1,10,"pass",4,"short",3,3,16,0,1
"94","PHI","MIN","PHI","home","MIN",71,866,1766,1766,"Half2",3,2,6,"pass",6,"short",3,3,16,0,1
"95","PHI","MIN","PHI","home","MIN",65,827,1727,1727,"Half2",3,1,10,"run",3,NA,3,3,16,1,0
"96","PHI","MIN","PHI","home","MIN",62,787,1687,1687,"Half2",3,2,7,"pass",10,"short",3,3,16,0,1
"97","PHI","MIN","PHI","home","MIN",52,742,1642,1642,"Half2",3,1,10,"run",5,NA,3,3,16,1,0
"98","PHI","MIN","PHI","home","MIN",47,701,1601,1601,"Half2",3,2,5,"run",-1,NA,3,3,16,1,0
"99","PHI","MIN","PHI","home","MIN",48,657,1557,1557,"Half2",3,3,6,"pass",7,"short",3,3,16,0,1
"100","PHI","MIN","PHI","home","MIN",41,613,1513,1513,"Half2",3,1,10,"pass",41,"deep",3,3,22,0,1
"101","PHI","MIN","PHI","home","MIN",92,381,1281,1281,"Half2",3,1,10,"run",4,NA,3,3,23,1,0
"102","PHI","MIN","PHI","home","MIN",88,338,1238,1238,"Half2",3,2,6,"run",2,NA,3,3,23,1,0
"103","PHI","MIN","PHI","home","MIN",86,300,1200,1200,"Half2",3,3,4,"pass",6,"short",3,3,23,0,1
"104","PHI","MIN","PHI","home","MIN",80,259,1159,1159,"Half2",3,1,10,"run",4,NA,3,3,23,1,0
"105","PHI","MIN","PHI","home","MIN",76,216,1116,1116,"Half2",3,2,6,"run",1,NA,3,3,23,1,0
"106","PHI","MIN","PHI","home","MIN",75,171,1071,1071,"Half2",3,3,5,"pass",42,"deep",3,3,23,0,1
"107","PHI","MIN","PHI","home","MIN",33,131,1031,1031,"Half2",3,1,10,"run",-2,NA,3,3,23,1,0
"108","PHI","MIN","PHI","home","MIN",35,89,989,989,"Half2",3,2,12,"pass",12,"short",3,3,23,0,1
"109","PHI","MIN","PHI","home","MIN",23,40,940,940,"Half2",3,1,10,"run",14,NA,3,3,23,1,0
"110","PHI","MIN","PHI","home","MIN",5,16,916,916,"Half2",3,1,5,"run",3,NA,3,3,23,1,0
"111","PHI","MIN","PHI","home","MIN",2,900,900,900,"Half2",4,2,2,"run",-3,NA,3,3,23,1,0
"112","PHI","MIN","PHI","home","MIN",5,855,855,855,"Half2",4,3,5,"pass",5,"short",3,3,29,0,1
"113","PHI","MIN","PHI","home","MIN",60,749,749,749,"Half2",4,1,10,"run",4,NA,3,2,30,1,0
"114","PHI","MIN","PHI","home","MIN",66,678,678,678,"Half2",4,2,16,"pass",5,"short",3,2,30,0,1
"115","PHI","MIN","PHI","home","MIN",61,630,630,630,"Half2",4,3,11,"pass",6,"short",2,2,30,0,1
"116","PHI","MIN","PHI","home","MIN",93,352,352,352,"Half2",4,1,10,"run",2,NA,2,2,30,1,0
"117","PHI","MIN","PHI","home","MIN",91,310,310,310,"Half2",4,2,8,"run",9,NA,2,2,30,1,0
"118","PHI","MIN","PHI","home","MIN",82,264,264,264,"Half2",4,1,10,"run",16,NA,2,2,30,1,0
"119","PHI","MIN","PHI","home","MIN",66,256,256,256,"Half2",4,1,10,"run",2,NA,2,2,30,1,0
"120","PHI","MIN","PHI","home","MIN",64,211,211,211,"Half2",4,2,8,"run",5,NA,2,2,30,1,0
"121","PHI","MIN","PHI","home","MIN",59,163,163,163,"Half2",4,3,3,"run",6,NA,1,2,30,1,0
"122","NE","PHI","PHI","away","NE",74,894,1794,3594,"Half1",1,1,10,"pass",4,"short",3,3,0,0,1
"123","NE","PHI","PHI","away","NE",70,860,1760,3560,"Half1",1,2,6,"pass",2,"short",3,3,0,0,1
"124","NE","PHI","PHI","away","NE",68,817,1717,3517,"Half1",1,3,4,"pass",17,"short",3,3,0,0,1
"125","NE","PHI","PHI","away","NE",51,792,1692,3492,"Half1",1,1,10,"run",-2,NA,3,3,0,1,0
"126","NE","PHI","PHI","away","NE",53,756,1656,3456,"Half1",1,2,12,"pass",0,"deep",3,3,0,0,1
"127","NE","PHI","PHI","away","NE",53,750,1650,3450,"Half1",1,3,12,"pass",15,"short",3,3,0,0,1
"128","NE","PHI","PHI","away","NE",38,707,1607,3407,"Half1",1,1,10,"pass",7,"short",3,3,0,0,1
"129","NE","PHI","PHI","away","NE",31,667,1567,3367,"Half1",1,2,3,"run",4,NA,3,3,0,1,0
"130","NE","PHI","PHI","away","NE",27,629,1529,3329,"Half1",1,1,10,"run",6,NA,3,3,0,1,0
"131","NE","PHI","PHI","away","NE",21,591,1491,3291,"Half1",1,2,4,"pass",16,"short",3,3,0,0,1
"132","NE","PHI","PHI","away","NE",5,547,1447,3247,"Half1",1,1,5,"run",3,NA,3,3,0,1,0
"133","NE","PHI","PHI","away","NE",7,489,1389,3189,"Half1",1,2,7,"pass",0,"short",3,3,0,0,1
"134","NE","PHI","PHI","away","NE",7,483,1383,3183,"Half1",1,3,7,"pass",0,"short",3,3,0,0,1
"135","NE","PHI","PHI","away","NE",77,252,1152,2952,"Half1",1,1,10,"pass",7,"short",3,3,0,0,1
"136","NE","PHI","PHI","away","NE",70,211,1111,2911,"Half1",1,2,3,"run",36,NA,3,3,0,1,0
"137","NE","PHI","PHI","away","NE",34,161,1061,2861,"Half1",1,1,10,"pass",34,"deep",3,3,6,0,1
"138","NE","PHI","PHI","away","NE",80,853,853,2653,"Half1",2,1,10,"run",2,NA,3,3,6,1,0
"139","NE","PHI","PHI","away","NE",78,811,811,2611,"Half1",2,2,8,"pass",0,"short",3,3,6,0,1
"140","NE","PHI","PHI","away","NE",78,803,803,2603,"Half1",2,3,8,"pass",0,"short",3,3,6,0,1
"141","NE","PHI","PHI","away","NE",65,713,713,2513,"Half1",2,1,10,"run",-1,NA,3,3,6,1,0
"142","NE","PHI","PHI","away","NE",66,675,675,2475,"Half1",2,2,11,"run",4,NA,3,3,6,1,0
"143","NE","PHI","PHI","away","NE",62,630,630,2430,"Half1",2,3,7,"pass",19,"short",3,3,6,0,1
"144","NE","PHI","PHI","away","NE",43,585,585,2385,"Half1",2,1,10,"pass",0,"short",3,3,6,0,1
"145","NE","PHI","PHI","away","NE",43,580,580,2380,"Half1",2,2,10,"pass",22,"deep",3,3,6,0,1
"146","NE","PHI","PHI","away","NE",21,535,535,2335,"Half1",2,1,10,"run",21,NA,3,3,12,1,0
"147","NE","PHI","PHI","away","NE",80,444,444,2244,"Half1",2,1,15,"run",1,NA,3,3,9,1,0
"148","NE","PHI","PHI","away","NE",79,400,400,2200,"Half1",2,2,14,"pass",10,"short",3,3,9,0,1
"149","NE","PHI","PHI","away","NE",69,355,355,2155,"Half1",2,3,4,"run",26,NA,3,3,9,1,0
"150","NE","PHI","PHI","away","NE",43,315,315,2115,"Half1",2,1,10,"pass",0,"deep",3,3,9,0,1
"151","NE","PHI","PHI","away","NE",70,119,119,1919,"Half1",2,1,10,"pass",7,"short",3,3,3,0,1
"152","NE","PHI","PHI","away","NE",63,112,112,1912,"Half1",2,2,3,"pass",0,"short",3,3,3,0,1
"153","NE","PHI","PHI","away","NE",63,106,106,1906,"Half1",2,3,3,"pass",55,"short",3,3,3,0,1
"154","NE","PHI","PHI","away","NE",8,53,53,1853,"Half1",2,1,8,"run",6,NA,3,3,3,1,0
"155","NE","PHI","PHI","away","NE",2,45,45,1845,"Half1",2,2,2,"run",1,NA,3,2,3,1,0
"156","NE","PHI","PHI","away","NE",1,41,41,1841,"Half1",2,3,1,"pass",0,"short",3,1,3,0,1
"157","NE","PHI","PHI","away","NE",1,38,38,1838,"Half1",2,4,1,"pass",1,"short",2,1,9,0,1
"158","NE","PHI","PHI","away","NE",85,728,1628,1628,"Half2",3,1,10,"run",4,NA,3,3,3,1,0
"159","NE","PHI","PHI","away","NE",81,694,1594,1594,"Half2",3,2,6,"pass",0,"short",3,3,3,0,1
"160","NE","PHI","PHI","away","NE",81,687,1587,1587,"Half2",3,3,6,"pass",17,"short",3,3,3,0,1
"161","NE","PHI","PHI","away","NE",64,653,1553,1553,"Half2",3,1,10,"run",5,NA,3,3,3,1,0
"162","NE","PHI","PHI","away","NE",59,610,1510,1510,"Half2",3,2,5,"run",10,NA,3,3,3,1,0
"163","NE","PHI","PHI","away","NE",49,567,1467,1467,"Half2",3,1,10,"pass",0,"short",3,3,3,0,1
"164","NE","PHI","PHI","away","NE",49,563,1463,1463,"Half2",3,2,10,"run",9,NA,3,3,3,1,0
"165","NE","PHI","PHI","away","NE",40,537,1437,1437,"Half2",3,3,1,"pass",14,"short",3,3,3,0,1
"166","NE","PHI","PHI","away","NE",26,494,1394,1394,"Half2",3,1,10,"run",4,NA,3,3,3,1,0
"167","NE","PHI","PHI","away","NE",22,453,1353,1353,"Half2",3,2,6,"pass",0,"deep",3,3,3,0,1
"168","NE","PHI","PHI","away","NE",22,445,1345,1345,"Half2",3,3,6,"pass",22,"deep",3,3,9,0,1
"169","NE","PHI","PHI","away","NE",75,203,1103,1103,"Half2",3,1,10,"pass",24,"deep",3,3,3,0,1
"170","NE","PHI","PHI","away","NE",51,162,1062,1062,"Half2",3,1,10,"pass",17,"short",3,3,3,0,1
"171","NE","PHI","PHI","away","NE",34,124,1024,1024,"Half2",3,1,10,"run",2,NA,3,3,3,1,0
"172","NE","PHI","PHI","away","NE",32,83,983,983,"Half2",3,2,8,"run",9,NA,3,3,3,1,0
"173","NE","PHI","PHI","away","NE",23,39,939,939,"Half2",3,1,10,"pass",0,"deep",3,3,3,0,1
"174","NE","PHI","PHI","away","NE",23,34,934,934,"Half2",3,2,10,"pass",7,"short",3,3,3,0,1
"175","NE","PHI","PHI","away","NE",16,900,900,900,"Half2",4,3,3,"pass",-8,"short",3,3,3,0,1
"176","NE","PHI","PHI","away","NE",75,562,562,562,"Half2",4,1,10,"run",4,NA,3,3,-1,1,0
"177","NE","PHI","PHI","away","NE",71,523,523,523,"Half2",4,2,6,"pass",0,"deep",3,3,-1,0,1
"178","NE","PHI","PHI","away","NE",71,515,515,515,"Half2",4,3,6,"pass",7,"short",3,2,-1,0,1
"179","NE","PHI","PHI","away","NE",64,476,476,476,"Half2",4,1,10,"run",2,NA,3,2,-1,1,0
"180","NE","PHI","PHI","away","NE",62,431,431,431,"Half2",4,2,8,"pass",7,"short",3,2,-1,0,1
"181","NE","PHI","PHI","away","NE",55,386,386,386,"Half2",4,3,1,"pass",0,"short",3,2,-1,0,1
"182","NE","PHI","PHI","away","NE",55,339,339,339,"Half2",4,4,1,"pass",2,"short",3,2,-1,0,1
"183","NE","PHI","PHI","away","NE",53,292,292,292,"Half2",4,1,10,"run",1,NA,2,2,-1,1,0
"184","NE","PHI","PHI","away","NE",52,251,251,251,"Half2",4,2,9,"pass",10,"short",2,2,-1,0,1
"185","NE","PHI","PHI","away","NE",42,205,205,205,"Half2",4,1,10,"pass",18,"short",2,2,-1,0,1
"186","NE","PHI","PHI","away","NE",24,163,163,163,"Half2",4,1,10,"pass",10,"short",2,2,-1,0,1
"187","NE","PHI","PHI","away","NE",14,157,157,157,"Half2",4,1,10,"run",3,NA,2,2,-1,1,0
"188","NE","PHI","PHI","away","NE",11,150,150,150,"Half2",4,2,7,"pass",0,"short",2,1,-1,0,1
"189","NE","PHI","PHI","away","NE",11,145,145,145,"Half2",4,3,7,"pass",11,"short",2,1,5,0,1
"190","NE","PHI","PHI","away","NE",31,129,129,129,"Half2",4,1,10,"run",2,NA,2,1,5,1,0
"191","NE","PHI","PHI","away","NE",29,123,123,123,"Half2",4,2,8,"run",3,NA,2,0,5,1,0
"192","NE","PHI","PHI","away","NE",26,116,116,116,"Half2",4,3,5,"run",-1,NA,2,0,5,1,0
