"","home_team","away_team","posteam","posteam_type","defteam","yardline_100","quarter_seconds_remaining","half_seconds_remaining","game_seconds_remaining","game_half","qtr","down","ydstogo","play_type","yards_gained","pass_length","posteam_timeouts_remaining","defteam_timeouts_remaining","score_differential_post","rush_attempt","pass_attempt"
"1","KC","HOU","KC","home","HOU",79,714,1614,3414,"Half1",1,1,10,"run",3,NA,3,3,-7,1,0
"2","KC","HOU","KC","home","HOU",81,666,1566,3366,"Half1",1,2,12,"pass",6,"short",3,3,-7,0,1
"3","KC","HOU","KC","home","HOU",75,619,1519,3319,"Half1",1,3,6,"pass",0,"short",2,3,-7,0,1
"4","KC","HOU","KC","home","HOU",82,601,1501,3301,"Half1",1,1,10,"pass",17,"short",2,3,-14,0,1
"5","KC","HOU","KC","home","HOU",65,566,1466,3266,"Half1",1,1,10,"run",0,NA,2,3,-14,1,0
"6","KC","HOU","KC","home","HOU",65,529,1429,3229,"Half1",1,2,10,"pass",15,"short",2,3,-14,0,1
"7","KC","HOU","KC","home","HOU",50,486,1386,3186,"Half1",1,1,10,"pass",0,"short",2,3,-14,0,1
"8","KC","HOU","KC","home","HOU",50,478,1378,3178,"Half1",1,2,10,"pass",5,"short",2,3,-14,0,1
"9","KC","HOU","KC","home","HOU",45,440,1340,3140,"Half1",1,3,5,"pass",0,"short",2,3,-14,0,1
"10","KC","HOU","KC","home","HOU",81,74,974,2774,"Half1",1,1,10,"pass",0,"short",2,3,-21,0,1
"11","KC","HOU","KC","home","HOU",81,69,969,2769,"Half1",1,2,10,"pass",0,"short",2,3,-21,0,1
"12","KC","HOU","KC","home","HOU",81,65,965,2765,"Half1",1,3,10,"pass",0,"deep",2,3,-21,0,1
"13","KC","HOU","KC","home","HOU",42,646,646,2446,"Half1",2,1,10,"pass",25,"short",2,1,-24,0,1
"14","KC","HOU","KC","home","HOU",17,600,600,2400,"Half1",2,1,10,"pass",17,"short",2,1,-18,0,1
"15","KC","HOU","KC","home","HOU",33,508,508,2308,"Half1",2,1,10,"pass",0,"deep",2,1,-17,0,1
"16","KC","HOU","KC","home","HOU",5,497,497,2297,"Half1",2,1,5,"pass",0,"short",2,1,-17,0,1
"17","KC","HOU","KC","home","HOU",5,491,491,2291,"Half1",2,2,5,"pass",5,"short",2,1,-11,0,1
"18","KC","HOU","KC","home","HOU",6,476,476,2276,"Half1",2,1,6,"pass",2,"short",2,1,-10,0,1
"19","KC","HOU","KC","home","HOU",4,440,440,2240,"Half1",2,2,4,"run",-2,NA,2,1,-10,1,0
"20","KC","HOU","KC","home","HOU",6,397,397,2197,"Half1",2,3,6,"pass",6,"short",2,1,-4,0,1
"21","KC","HOU","KC","home","HOU",75,163,163,1963,"Half1",2,1,10,"pass",20,"short",2,0,-3,0,1
"22","KC","HOU","KC","home","HOU",55,125,125,1925,"Half1",2,1,10,"run",21,NA,2,0,-3,1,0
"23","KC","HOU","KC","home","HOU",34,115,115,1915,"Half1",2,1,10,"pass",-5,NA,2,0,-3,0,1
"24","KC","HOU","KC","home","HOU",39,108,108,1908,"Half1",2,2,15,"pass",20,"deep",2,0,-3,0,1
"25","KC","HOU","KC","home","HOU",19,65,65,1865,"Half1",2,1,10,"run",14,NA,2,0,-3,1,0
"26","KC","HOU","KC","home","HOU",5,58,58,1858,"Half1",2,1,5,"pass",0,"short",2,0,-3,0,1
"27","KC","HOU","KC","home","HOU",5,55,55,1855,"Half1",2,2,5,"pass",0,"short",2,0,-3,0,1
"28","KC","HOU","KC","home","HOU",5,50,50,1850,"Half1",2,3,5,"pass",5,"short",2,0,3,0,1
"29","KC","HOU","KC","home","HOU",85,895,1795,1795,"Half2",3,1,10,"pass",11,"short",3,3,4,0,1
"30","KC","HOU","KC","home","HOU",74,859,1759,1759,"Half2",3,1,10,"run",0,NA,3,3,4,1,0
"31","KC","HOU","KC","home","HOU",74,817,1717,1717,"Half2",3,2,10,"pass",48,"deep",3,3,4,0,1
"32","KC","HOU","KC","home","HOU",26,785,1685,1685,"Half2",3,1,10,"run",14,NA,3,3,4,1,0
"33","KC","HOU","KC","home","HOU",12,748,1648,1648,"Half2",3,1,10,"pass",4,"short",3,3,4,0,1
"34","KC","HOU","KC","home","HOU",8,717,1617,1617,"Half2",3,2,6,"run",7,NA,3,3,4,1,0
"35","KC","HOU","KC","home","HOU",1,688,1588,1588,"Half2",3,1,1,"run",1,NA,3,3,10,1,0
"36","KC","HOU","KC","home","HOU",77,514,1414,1414,"Half2",3,1,10,"pass",28,"deep",3,3,10,0,1
"37","KC","HOU","KC","home","HOU",44,450,1350,1350,"Half2",3,1,5,"run",14,NA,3,3,10,1,0
"38","KC","HOU","KC","home","HOU",30,407,1307,1307,"Half2",3,1,10,"pass",4,"short",3,3,10,0,1
"39","KC","HOU","KC","home","HOU",7,363,1263,1263,"Half2",3,1,7,"pass",0,"short",3,3,10,0,1
"40","KC","HOU","KC","home","HOU",7,356,1256,1256,"Half2",3,2,7,"run",2,NA,3,3,10,1,0
"41","KC","HOU","KC","home","HOU",5,283,1183,1183,"Half2",3,1,5,"run",5,NA,3,3,16,1,0
"42","KC","HOU","KC","home","HOU",72,17,917,917,"Half2",3,1,10,"pass",23,"short",3,3,10,0,1
"43","KC","HOU","KC","home","HOU",49,900,900,900,"Half2",4,1,10,"pass",13,"short",3,3,10,0,1
"44","KC","HOU","KC","home","HOU",36,862,862,862,"Half2",4,1,10,"pass",28,"deep",3,3,10,0,1
"45","KC","HOU","KC","home","HOU",8,836,836,836,"Half2",4,1,8,"pass",8,"short",3,3,16,0,1
"46","KC","HOU","KC","home","HOU",58,697,697,697,"Half2",4,1,10,"pass",7,"short",3,2,17,0,1
"47","KC","HOU","KC","home","HOU",51,656,656,656,"Half2",4,2,3,"run",11,NA,3,2,17,1,0
"48","KC","HOU","KC","home","HOU",40,619,619,619,"Half2",4,1,10,"run",26,NA,3,2,17,1,0
"49","KC","HOU","KC","home","HOU",14,580,580,580,"Half2",4,1,10,"run",4,NA,3,2,17,1,0
"50","KC","HOU","KC","home","HOU",10,543,543,543,"Half2",4,2,6,"pass",0,"short",3,2,17,0,1
"51","KC","HOU","KC","home","HOU",10,539,539,539,"Half2",4,3,6,"pass",4,"short",3,2,17,0,1
"52","KC","HOU","KC","home","HOU",58,293,293,293,"Half2",4,1,10,"run",3,NA,3,2,20,1,0
"53","KC","HOU","KC","home","HOU",55,250,250,250,"Half2",4,2,7,"run",-3,NA,3,2,20,1,0
"54","KC","HOU","KC","home","HOU",58,243,243,243,"Half2",4,3,10,"run",1,NA,3,1,20,1,0
"55","KC","TEN","KC","home","TEN",79,682,1582,3382,"Half1",1,1,10,"run",2,NA,3,3,-3,1,0
"56","KC","TEN","KC","home","TEN",77,656,1556,3356,"Half1",1,2,8,"pass",-2,NA,3,3,-3,0,1
"57","KC","TEN","KC","home","TEN",79,614,1514,3314,"Half1",1,3,10,"pass",0,"short",3,3,-3,0,1
"58","KC","TEN","KC","home","TEN",74,346,1246,3046,"Half1",1,1,10,"pass",9,"short",3,3,-10,0,1
"59","KC","TEN","KC","home","TEN",65,309,1209,3009,"Half1",1,2,1,"run",3,NA,3,3,-10,1,0
"60","KC","TEN","KC","home","TEN",62,268,1168,2968,"Half1",1,1,10,"pass",26,"deep",3,3,-10,0,1
"61","KC","TEN","KC","home","TEN",36,233,1133,2933,"Half1",1,1,10,"pass",0,"short",3,3,-10,0,1
"62","KC","TEN","KC","home","TEN",36,226,1126,2926,"Half1",1,2,10,"pass",0,"short",3,3,-10,0,1
"63","KC","TEN","KC","home","TEN",36,223,1123,2923,"Half1",1,3,10,"pass",8,"short",3,3,-10,0,1
"64","KC","TEN","KC","home","TEN",28,178,1078,2878,"Half1",1,4,2,"pass",4,"short",2,3,-10,0,1
"65","KC","TEN","KC","home","TEN",24,138,1038,2838,"Half1",1,1,10,"pass",8,"short",2,3,-10,0,1
"66","KC","TEN","KC","home","TEN",16,95,995,2795,"Half1",1,2,2,"run",3,NA,2,3,-10,1,0
"67","KC","TEN","KC","home","TEN",8,51,951,2751,"Half1",1,1,8,"pass",8,"short",2,3,-4,0,1
"68","KC","TEN","KC","home","TEN",63,393,393,2193,"Half1",2,1,10,"run",1,NA,2,3,-10,1,0
"69","KC","TEN","KC","home","TEN",57,347,347,2147,"Half1",2,1,10,"pass",24,"short",2,3,-10,0,1
"70","KC","TEN","KC","home","TEN",33,303,303,2103,"Half1",2,1,10,"pass",13,"short",2,3,-10,0,1
"71","KC","TEN","KC","home","TEN",20,256,256,2056,"Half1",2,1,10,"pass",0,"deep",2,3,-10,0,1
"72","KC","TEN","KC","home","TEN",20,247,247,2047,"Half1",2,2,10,"pass",20,"deep",2,3,-4,0,1
"73","KC","TEN","KC","home","TEN",86,111,111,1911,"Half1",2,1,10,"pass",17,"short",2,3,-3,0,1
"74","KC","TEN","KC","home","TEN",69,103,103,1903,"Half1",2,1,10,"pass",8,"short",2,3,-3,0,1
"75","KC","TEN","KC","home","TEN",61,97,97,1897,"Half1",2,2,2,"pass",-2,"short",2,3,-3,0,1
"76","KC","TEN","KC","home","TEN",63,87,87,1887,"Half1",2,3,4,"pass",18,"short",2,3,-3,0,1
"77","KC","TEN","KC","home","TEN",45,66,66,1866,"Half1",2,1,10,"run",7,NA,2,3,-3,1,0
"78","KC","TEN","KC","home","TEN",38,61,61,1861,"Half1",2,2,3,"pass",0,"short",2,3,-3,0,1
"79","KC","TEN","KC","home","TEN",38,54,54,1854,"Half1",2,3,3,"pass",11,"short",2,3,-3,0,1
"80","KC","TEN","KC","home","TEN",27,32,32,1832,"Half1",2,1,10,"pass",0,"deep",2,3,-3,0,1
"81","KC","TEN","KC","home","TEN",27,23,23,1823,"Half1",2,2,10,"run",27,NA,2,3,3,1,0
"82","KC","TEN","KC","home","TEN",90,892,1792,1792,"Half2",3,1,10,"pass",7,"short",3,3,4,0,1
"83","KC","TEN","KC","home","TEN",83,860,1760,1760,"Half2",3,2,3,"run",5,NA,3,3,4,1,0
"84","KC","TEN","KC","home","TEN",78,820,1720,1720,"Half2",3,1,10,"pass",0,"short",3,3,4,0,1
"85","KC","TEN","KC","home","TEN",78,810,1710,1710,"Half2",3,2,10,"pass",7,"short",3,3,4,0,1
"86","KC","TEN","KC","home","TEN",71,778,1678,1678,"Half2",3,3,3,"pass",5,"short",3,3,4,0,1
"87","KC","TEN","KC","home","TEN",66,760,1660,1660,"Half2",3,1,10,"run",8,NA,3,3,4,1,0
"88","KC","TEN","KC","home","TEN",58,723,1623,1623,"Half2",3,2,2,"run",5,NA,3,3,4,1,0
"89","KC","TEN","KC","home","TEN",53,680,1580,1580,"Half2",3,1,10,"pass",0,"short",3,3,4,0,1
"90","KC","TEN","KC","home","TEN",53,677,1577,1577,"Half2",3,2,10,"pass",0,"short",3,3,4,0,1
"91","KC","TEN","KC","home","TEN",53,672,1572,1572,"Half2",3,3,10,"pass",0,"deep",3,3,4,0,1
"92","KC","TEN","KC","home","TEN",73,418,1318,1318,"Half2",3,1,10,"run",6,NA,3,3,4,1,0
"93","KC","TEN","KC","home","TEN",67,385,1285,1285,"Half2",3,2,4,"run",3,NA,3,3,4,1,0
"94","KC","TEN","KC","home","TEN",64,347,1247,1247,"Half2",3,3,1,"run",5,NA,3,3,4,1,0
"95","KC","TEN","KC","home","TEN",59,309,1209,1209,"Half2",3,1,10,"run",1,NA,3,3,4,1,0
"96","KC","TEN","KC","home","TEN",58,269,1169,1169,"Half2",3,2,9,"pass",7,"short",3,3,4,0,1
"97","KC","TEN","KC","home","TEN",51,229,1129,1129,"Half2",3,3,2,"run",4,NA,3,3,4,1,0
"98","KC","TEN","KC","home","TEN",47,198,1098,1098,"Half2",3,1,10,"run",7,NA,3,3,4,1,0
"99","KC","TEN","KC","home","TEN",40,151,1051,1051,"Half2",3,2,3,"run",7,NA,3,3,4,1,0
"100","KC","TEN","KC","home","TEN",33,106,1006,1006,"Half2",3,1,10,"run",11,NA,3,3,4,1,0
"101","KC","TEN","KC","home","TEN",22,73,973,973,"Half2",3,1,10,"run",4,NA,3,3,4,1,0
"102","KC","TEN","KC","home","TEN",18,38,938,938,"Half2",3,2,6,"pass",15,"short",3,3,4,0,1
"103","KC","TEN","KC","home","TEN",3,900,900,900,"Half2",4,1,3,"pass",0,"short",3,3,4,0,1
"104","KC","TEN","KC","home","TEN",3,894,894,894,"Half2",4,2,3,"run",3,NA,3,3,10,1,0
"105","KC","TEN","KC","home","TEN",88,714,714,714,"Half2",4,1,10,"run",1,NA,3,3,11,1,0
"106","KC","TEN","KC","home","TEN",87,673,673,673,"Half2",4,2,9,"pass",11,"short",3,2,11,0,1
"107","KC","TEN","KC","home","TEN",76,631,631,631,"Half2",4,1,10,"run",5,NA,3,2,11,1,0
"108","KC","TEN","KC","home","TEN",71,588,588,588,"Half2",4,2,5,"pass",7,"short",3,2,11,0,1
"109","KC","TEN","KC","home","TEN",64,548,548,548,"Half2",4,1,10,"run",1,NA,3,2,11,1,0
"110","KC","TEN","KC","home","TEN",63,506,506,506,"Half2",4,2,9,"pass",3,"short",3,2,11,0,1
"111","KC","TEN","KC","home","TEN",60,464,464,464,"Half2",4,3,6,"pass",60,"deep",3,2,17,0,1
"112","KC","TEN","KC","home","TEN",81,252,252,252,"Half2",4,1,10,"run",0,NA,3,2,11,1,0
"113","KC","TEN","KC","home","TEN",81,247,247,247,"Half2",4,2,10,"pass",0,NA,3,2,11,0,1
"114","KC","TEN","KC","home","TEN",35,226,226,226,"Half2",4,1,5,"run",-2,NA,3,1,11,1,0
"115","KC","TEN","KC","home","TEN",37,182,182,182,"Half2",4,2,7,"run",-2,NA,3,1,11,1,0
"116","KC","TEN","KC","home","TEN",39,140,140,140,"Half2",4,3,9,"pass",0,"short",3,1,11,0,1
"117","KC","SF","KC","home","SF",74,894,1794,3594,"Half1",1,1,10,"run",7,NA,3,3,0,1,0
"118","KC","SF","KC","home","SF",67,852,1752,3552,"Half1",1,2,3,"pass",0,"short",3,3,0,0,1
"119","KC","SF","KC","home","SF",67,848,1748,3548,"Half1",1,3,3,"pass",0,"short",3,3,0,0,1
"120","KC","SF","KC","home","SF",75,477,1377,3177,"Half1",1,1,10,"pass",9,"short",3,3,-3,0,1
"121","KC","SF","KC","home","SF",66,438,1338,3138,"Half1",1,2,1,"run",2,NA,3,3,-3,1,0
"122","KC","SF","KC","home","SF",64,405,1305,3105,"Half1",1,1,10,"pass",8,"short",3,3,-3,0,1
"123","KC","SF","KC","home","SF",56,363,1263,3063,"Half1",1,2,2,"pass",0,"short",3,3,-3,0,1
"124","KC","SF","KC","home","SF",56,357,1257,3057,"Half1",1,3,2,"run",5,NA,3,3,-3,1,0
"125","KC","SF","KC","home","SF",51,322,1222,3022,"Half1",1,1,10,"pass",9,"short",3,3,-3,0,1
"126","KC","SF","KC","home","SF",42,288,1188,2988,"Half1",1,2,1,"run",14,NA,3,3,-3,1,0
"127","KC","SF","KC","home","SF",28,247,1147,2947,"Half1",1,1,10,"pass",3,"short",3,3,-3,0,1
"128","KC","SF","KC","home","SF",25,212,1112,2912,"Half1",1,2,7,"pass",11,"short",3,3,-3,0,1
"129","KC","SF","KC","home","SF",14,188,1088,2888,"Half1",1,1,10,"pass",-1,NA,3,3,-3,0,1
"130","KC","SF","KC","home","SF",15,147,1047,2847,"Half1",1,2,11,"pass",0,"short",3,3,-3,0,1
"131","KC","SF","KC","home","SF",15,142,1042,2842,"Half1",1,3,11,"run",10,NA,3,3,-3,1,0
"132","KC","SF","KC","home","SF",5,117,1017,2817,"Half1",1,4,1,"run",4,NA,3,3,-3,1,0
"133","KC","SF","KC","home","SF",1,74,974,2774,"Half1",1,1,1,"run",0,NA,3,3,-3,1,0
"134","KC","SF","KC","home","SF",1,36,936,2736,"Half1",1,2,1,"run",1,NA,3,3,3,1,0
"135","KC","SF","KC","home","SF",56,848,848,2648,"Half1",2,1,10,"pass",28,"deep",3,3,4,0,1
"136","KC","SF","KC","home","SF",28,783,783,2583,"Half1",2,1,10,"pass",2,"short",3,3,4,0,1
"137","KC","SF","KC","home","SF",26,750,750,2550,"Half1",2,2,8,"run",3,NA,3,3,4,1,0
"138","KC","SF","KC","home","SF",23,709,709,2509,"Half1",2,3,5,"pass",4,"short",3,3,4,0,1
"139","KC","SF","KC","home","SF",19,664,664,2464,"Half1",2,4,1,"run",3,NA,3,3,4,1,0
"140","KC","SF","KC","home","SF",16,629,629,2429,"Half1",2,1,10,"pass",0,"deep",3,3,4,0,1
"141","KC","SF","KC","home","SF",16,623,623,2423,"Half1",2,2,10,"run",3,NA,3,3,4,1,0
"142","KC","SF","KC","home","SF",13,581,581,2381,"Half1",2,3,7,"pass",0,"short",3,3,4,0,1
"143","KC","SF","KC","home","SF",81,299,299,2099,"Half1",2,1,10,"pass",10,"short",3,3,0,0,1
"144","KC","SF","KC","home","SF",71,267,267,2067,"Half1",2,1,10,"pass",9,"short",3,3,0,0,1
"145","KC","SF","KC","home","SF",62,229,229,2029,"Half1",2,2,1,"run",4,NA,3,3,0,1,0
"146","KC","SF","KC","home","SF",58,189,189,1989,"Half1",2,1,10,"pass",10,"short",3,3,0,0,1
"147","KC","SF","KC","home","SF",48,147,147,1947,"Half1",2,1,10,"run",2,NA,3,3,0,1,0
"148","KC","SF","KC","home","SF",46,120,120,1920,"Half1",2,2,8,"run",-6,NA,3,3,0,1,0
"149","KC","SF","KC","home","SF",52,113,113,1913,"Half1",2,3,14,"pass",1,"short",3,3,0,0,1
"150","KC","SF","KC","home","SF",91,563,1463,1463,"Half2",3,1,10,"pass",19,"short",3,3,-3,0,1
"151","KC","SF","KC","home","SF",72,520,1420,1420,"Half2",3,1,10,"pass",4,"short",3,3,-3,0,1
"152","KC","SF","KC","home","SF",68,487,1387,1387,"Half2",3,2,6,"run",0,NA,3,3,-3,1,0
"153","KC","SF","KC","home","SF",68,450,1350,1350,"Half2",3,3,6,"pass",9,"short",3,3,-3,0,1
"154","KC","SF","KC","home","SF",59,422,1322,1322,"Half2",3,1,10,"run",5,NA,3,3,-3,1,0
"155","KC","SF","KC","home","SF",54,382,1282,1282,"Half2",3,2,5,"pass",-7,NA,3,3,-3,0,1
"156","KC","SF","KC","home","SF",61,336,1236,1236,"Half2",3,3,12,"pass",0,"deep",3,3,-3,0,1
"157","KC","SF","KC","home","SF",75,155,1055,1055,"Half2",3,1,10,"pass",0,"short",3,3,-10,0,1
"158","KC","SF","KC","home","SF",75,148,1048,1048,"Half2",3,2,10,"run",5,NA,3,3,-10,1,0
"159","KC","SF","KC","home","SF",70,107,1007,1007,"Half2",3,3,5,"run",5,NA,3,3,-10,1,0
"160","KC","SF","KC","home","SF",65,70,970,970,"Half2",3,1,10,"pass",0,"short",3,3,-10,0,1
"161","KC","SF","KC","home","SF",65,66,966,966,"Half2",3,2,10,"pass",9,"short",3,3,-10,0,1
"162","KC","SF","KC","home","SF",56,31,931,931,"Half2",3,3,1,"run",2,NA,3,3,-10,1,0
"163","KC","SF","KC","home","SF",54,900,900,900,"Half2",4,1,10,"pass",0,"short",3,3,-10,0,1
"164","KC","SF","KC","home","SF",54,893,893,893,"Half2",4,2,10,"pass",14,"short",3,3,-10,0,1
"165","KC","SF","KC","home","SF",40,865,865,865,"Half2",4,1,10,"pass",13,"short",3,3,-10,0,1
"166","KC","SF","KC","home","SF",27,813,813,813,"Half2",4,1,10,"pass",-9,NA,3,3,-10,0,1
"167","KC","SF","KC","home","SF",36,771,771,771,"Half2",4,2,19,"run",13,NA,3,3,-10,1,0
"168","KC","SF","KC","home","SF",23,725,725,725,"Half2",4,3,6,"pass",0,"short",3,3,-10,0,1
"169","KC","SF","KC","home","SF",83,533,533,533,"Half2",4,1,10,"run",3,NA,3,3,-10,1,0
"170","KC","SF","KC","home","SF",80,513,513,513,"Half2",4,2,7,"run",9,NA,3,3,-10,1,0
"171","KC","SF","KC","home","SF",71,494,494,494,"Half2",4,1,10,"pass",9,"short",3,3,-10,0,1
"172","KC","SF","KC","home","SF",62,470,470,470,"Half2",4,2,1,"run",2,NA,3,3,-10,1,0
"173","KC","SF","KC","home","SF",65,443,443,443,"Half2",4,1,15,"pass",0,"short",3,3,-10,0,1
"174","KC","SF","KC","home","SF",65,437,437,437,"Half2",4,2,15,"pass",0,"deep",3,3,-10,0,1
"175","KC","SF","KC","home","SF",65,433,433,433,"Half2",4,3,15,"pass",44,"deep",3,3,-10,0,1
"176","KC","SF","KC","home","SF",21,395,395,395,"Half2",4,1,10,"pass",0,"deep",3,3,-10,0,1
"177","KC","SF","KC","home","SF",21,390,390,390,"Half2",4,2,10,"pass",0,"short",3,3,-10,0,1
"178","KC","SF","KC","home","SF",1,377,377,377,"Half2",4,1,1,"pass",1,"short",3,3,-4,0,1
"179","KC","SF","KC","home","SF",65,310,310,310,"Half2",4,1,10,"pass",5,"short",3,3,-3,0,1
"180","KC","SF","KC","home","SF",60,288,288,288,"Half2",4,2,5,"pass",9,"short",3,3,-3,0,1
"181","KC","SF","KC","home","SF",51,267,267,267,"Half2",4,1,10,"pass",3,"short",3,3,-3,0,1
"182","KC","SF","KC","home","SF",48,224,224,224,"Half2",4,2,7,"pass",38,"deep",3,3,-3,0,1
"183","KC","SF","KC","home","SF",10,217,217,217,"Half2",4,1,10,"run",6,NA,3,3,-3,1,0
"184","KC","SF","KC","home","SF",4,210,210,210,"Half2",4,2,4,"pass",-1,NA,3,3,-3,0,1
"185","KC","SF","KC","home","SF",5,170,170,170,"Half2",4,3,5,"pass",5,"short",3,3,3,0,1
"186","KC","SF","KC","home","SF",42,85,85,85,"Half2",4,1,10,"run",4,NA,3,3,4,1,0
"187","KC","SF","KC","home","SF",38,80,80,80,"Half2",4,2,6,"run",38,NA,3,2,10,1,0
"188","KC","SF","KC","home","SF",74,5,5,5,"Half2",4,4,25,"pass",0,"deep",2,0,11,0,1
